0.900697 2.7200614322852257
1.04054 3.4537146276242083
1.11942 4.3891962864185095
1.2485 5.10397614131241
1.38236 5.4955587393805665
1.5222 5.565598692542617
1.65367 5.588292878194469
1.71104 5.613085839085004
1.86164 5.22301603720944
1.96203 5.668837055998754
2.06243 5.24914008505747
2.16522 5.651918267841833
2.268 5.8350906061801675
2.37438 6.19699130701594
2.47597 6.351535712205038
2.57756 6.469870337396423
2.68274 6.610935716521919
2.78314 6.994706625212461
2.88592 6.9673750611934055
2.98991 7.192638171473377
3.0915 7.180526937598383
3.19309 7.082998558140343
3.29588 7.187397431546882
3.40464 7.077386246370144
3.50862 7.034234368411322
3.60782 7.353633283132446
3.7142 7.314628459353189
3.81579 7.3877747439467205
3.91977 7.66004484295624
4.01897 7.676336032332384
4.12295 7.753506166914372
4.22216 8.02459957452943
4.33092 7.936371878398198
4.44207 8.107046542449769
4.54366 8.070473400153004
4.64406 7.896358402685861
4.74804 7.838843498940158
4.85083 7.997327115559473
4.95242 7.826652451507902
5.05401 7.741315119482117
5.15561 7.716933024617607
5.25839 7.856131557479826
5.36477 7.716933024617607
5.46875 7.668168834888586
5.57034 7.619404645159566
5.67193 7.826652451507902
5.77113 7.775030895308593
5.88109 7.566324847155646
5.98507 7.777888261778882
6.08667 7.741315119482117
6.19065 7.8910620683787265
6.28985 7.7233180481902775
6.39742 7.755370260450212
6.49781 7.887607688669178
6.6006 7.749676822450209
6.70458 7.875416641236923
6.80618 7.826652451507902
6.90657 7.796756888585115
7.01175 7.765697214346627
7.11812 7.829845111427546
7.22569 7.729124072049862
7.32728 7.716933024617607
7.42887 7.704741977185352
7.53047 7.668168834888586
7.63086 7.617356774595039
7.73365 7.595022550295056
7.83166 7.463937782379432
7.94281 7.5218762657015255
8.0444 7.558449407998292
8.15436 7.229291127327404
8.25595 7.5218762657015255
8.35635 7.346302476802165
8.46033 7.424347886243485
8.55117 7.5880100590445325
8.66351 7.643786740024076
8.76511 7.838843498940157
8.86431 7.810794147548397
8.96829 7.814461404075647
9.06988 7.960753973262708
9.17147 7.8510345463724125
9.28621 7.863225593804668
9.40454 7.826652451507902
9.52406 7.765697214346627
9.64477 7.704741977185352
9.74636 7.668168834888586
9.84915 7.619404645159566
9.95552 7.576440367400604
10.0667 7.5005386007675865
10.1671 7.435649703683366
10.2854 7.398452379940208
10.4037 7.358809311282455
10.546 7.104255378987447
10.6487 7.058929782692016
10.7503 7.0100856371025335
10.8531 6.9430826295938575
10.9583 6.903371503276134
11.0683 6.860351562499999
11.1818 6.799316406249999
11.3025 6.741499615096566
11.4292 6.906827722184551
11.5655 6.899979714547301
11.6659 7.165527343749999
11.7686 7.132395908472935
11.8822 7.080078125000001
11.9838 7.360839843749999
12.0866 7.324218749999999
12.1726 7.57808240918733
12.2993 7.552864164897189
12.4415 7.312974198788143
12.5324 7.556152343749999
12.634 7.519531249999999
12.7379 7.410491356678599
12.8407 7.4737755416989895
12.9316 7.384066779836688
13.0678 7.131604475282992
13.167 7.395114058327842
13.271 7.067871093749999
13.3726 7.043457031249999
13.473 7.0594879518071485
13.5782 7.006835937499999
13.681 6.994628906250001
13.7909 6.750488281249999
13.9069 6.750488281249999
14.0096 6.900745443069539
14.1041 6.80986128556508
14.22 6.469726562499999
14.3383 6.652832031249999
14.4399 6.811523437499999
14.5415 6.695647737873153
14.6658 6.556989677459767
14.771 6.738281249999999
14.8726 6.726074218749999
14.9742 6.689453124999999
15.071 6.834496324781459
15.1917 6.652832031249999
15.2933 6.616210937499999
15.3937 6.971685119621963
15.5156 6.604003906250001
15.6172 6.567382812499999
15.7391 6.738281249999999
15.824 6.668977172615648
15.9471 6.469726562499999
16.0678 6.665039062500001
16.1646 6.825198744473518
16.2841 6.420898437500001
16.4024 6.595210292526656
16.5028 6.805256726270023
16.608 6.311035156249999
16.7168 6.509874854360875
16.8076 6.6848358213190915
16.9295 6.266059316744359
17.0419 6.237792968750001
17.1387 6.613468126487834
17.2582 6.152343750000001
17.3634 6.139990817978137
17.4709 6.153027419713345
17.5725 6.115722656249998
17.6753 6.071006886651146
17.7781 5.98424207168131
17.8916 5.936524773426839
18.0339 5.729665133988023
18.1355 5.973480671604539
18.2371 5.827693689527587
18.3446 5.826558749571369
18.4725 5.924717564081236
18.5741 6.188964843749998
18.6542 6.399194884161632
18.7653 6.404923804012414
18.8932 6.461111746837572
18.996 6.726074218750001
19.1012 6.955550020973062
19.2183 6.936927397088276
19.3366 6.915676978326535
19.4227 7.122742124186777
19.5303 7.087953629032255
19.639 7.051188707677899
19.7478 6.984801695725406
19.8613 6.9479746361300405
19.9749 6.90648127643156
20.092 6.868809560378297
20.2103 6.843695083009456
20.3287 6.991414029415211
20.4506 7.139539308739234
20.5725 7.31329084414085
20.6956 7.464600309881767
20.8211 7.613786759424157
20.949 7.790557927968001
21.0769 7.95212933328551
21.2083 7.942818306587893
21.3195 7.867700357504694
21.4342 7.83147038640208
21.5502 7.793476769226349
21.6745 7.763885146013066
21.8035 7.717618136860457
21.9051 7.741143319324283
22.0055 7.702636718749998
22.1083 7.680189434920154
22.2099 7.667998658039328
22.3103 7.832233014530577
22.4298 7.795702858906624
22.5517 7.570472442992721
22.6748 7.54692832024743
22.7752 7.519531249999998
22.878 7.741143319324283
22.9796 7.690429687499998
23.0824 7.411992343541986
23.2139 7.373046875000001
23.3167 7.6192355505160245
23.4171 7.592773437499998
23.5163 7.521323612205751
23.631 7.54609088923107
23.7326 7.495117187499998
23.8354 7.472946227946115
23.937 7.470703124999998
24.0672 7.449391282182843
24.1688 7.400622763150549
24.2979 7.360839843750001
24.3864 7.603300653477541
24.5178 7.324218749999998
24.623 7.314466128495379
24.6959 7.555068051575909
24.8262 7.265703020972076
24.9278 7.409667968749998
25.0067 7.662233679077117
25.1429 7.4241831204228115
25.2481 7.582663219873547
25.327 7.862751833150913
25.4644 7.543945312499998
25.566 7.678222656250001
25.6569 7.775134403768818
25.7907 7.63142632739685
25.8911 7.604980468749998
25.9939 7.533900112350244
26.0955 7.482910156249998
26.2055 7.216939913448773
26.3058 7.154115214190532
26.4086 7.132395908472935
26.5102 7.082841367759689
26.6106 7.031249999999998
26.7134 6.973124375832256
26.815 7.0935936967147715
26.9369 7.080078124999998
27.0397 7.02188748335556
27.1413 6.9609335989514305
27.2417 6.921386718749998
27.3445 6.87559816078565
27.4664 7.065084174733038
27.5692 7.324218750000001
27.672 7.277893797852902
27.7939 7.229130690329598
27.8943 7.495117187499998
27.9959 7.482910156250001
28.0747 7.711025913065955
28.2014 7.67247283618123
28.3317 7.543945312499998
28.4345 7.680189434920154
28.5373 7.653808593750001
28.6401 7.607044773635199
28.7417 7.592773437499998
28.8444 7.595696839279723
28.946 7.559120450005497
29.0488 7.5582816661118954
29.1504 7.519531249999998
29.2544 7.458496093749998
29.3584 7.438659667968849
29.4588 7.448564674184463
29.5628 7.24386661610714
29.6632 7.4241831204228115
29.7648 7.165527343749998
29.8711 7.287597656250001
29.9715 7.248434110063504
30.0791 7.058459813998037
30.1807 7.324218749999998
30.2835 7.128906250000001
30.3898 7.05544008027528
30.4878 7.251782316090752
30.5906 6.937321832343761
30.697 6.936552045189779
30.795 6.927653429979913
30.9002 6.848144531249998
31.003 6.814644276381521
31.107 6.502811039719691
31.2121 6.64471071815
31.3137 6.888553313311467
31.4177 6.863407383904824
31.5205 6.994628906250001
31.6233 7.180367582806295
31.7249 7.294843541109585
31.8301 7.343802222593541
31.9352 7.351854244118256
32.0368 7.531738281250001
32.1396 7.509518558588586
32.2412 7.482910156250001
32.344 7.439425671435657
32.4504 7.331562552222552
32.5579 7.339662114360203
32.6595 7.3388476822570246
32.7707 7.309550755173652
32.8735 7.385253906250001
32.9763 7.35103845913785
33.0743 7.269186490691968
33.1854 7.1437952521638115
33.293 7.168176805925545
33.3946 7.1925583596871965
33.4962 7.302275351614547
33.5978 7.238769531250001
33.7005 7.132395908472935
33.8153 7.175094135931306
33.9217 7.180367582806289
34.0232 7.132395908472935
34.1248 7.071435259682568
34.2264 7.0226667406502745
34.3352 6.994628906250001
34.4404 6.912170491428203
34.5515 6.936927397088276
34.6567 6.921386718750001
34.7595 6.875598160785644
34.8551 6.826408458109116
34.9651 6.750488281250001
35.0822 6.77759867595374
35.1886 6.790262722619863
35.3033 6.726074218750001
35.4061 6.692736507573256
35.5101 6.753690391977385
35.6057 6.986594938173051
35.7168 6.79101627524688
35.8184 6.559365809843486
35.9236 6.713867187500001
36.0264 6.887788937666469
36.1268 6.7434003276208925
36.2368 6.570828738764998
36.3623 6.619591846288383
36.4638 6.766632015730734
36.5642 6.71551012575716
36.6634 6.702304370348495
36.7794 6.729308838215734
36.881 6.677246093750001
36.9957 6.613512887466367
37.1045 6.583429151965653
37.2144 6.607401069407557
37.316 6.59521029252665
37.4176 6.335449218750001
37.5515 6.16767960198327
37.6316 6.509874854360951
37.7224 6.317385444743987
37.8515 6.16509740604799
37.9782 6.192914655459398
38.0798 6.42453941619517
38.1813 6.3764838634723855
38.2865 6.486024778610355
38.4037 6.495740176635117
38.5303 6.303331084923945
38.6319 6.2789468254077985
38.755 6.4740209015369725
38.8519 6.404191729054655
38.9797 6.1814097873432114
39.104 6.157025527827065
39.1877 6.590546296955032
39.3108 6.127929687500001
39.4327 6.083197663532047
39.5343 6.583019515645824
39.6287 6.2158331487883425
39.7674 6.010053002247011
39.869 6.518554687500001
39.9514 6.165604194050737
40.0829 5.949099117842882
40.2048 6.180723878578654
40.3064 6.3665200130014705
40.4343 5.871582031250001
40.5454 5.864414413633304
40.6411 6.303733819579288
40.769 5.827191349034705
40.8705 5.77906950532679
41.0032 5.712890625000001
41.143 5.693724597020276
41.2697 5.592813297193901
41.4 5.279499607784953
41.5351 5.004882812500001
41.6713 4.973836967376816
41.81 4.937264636734339
41.9498 4.912883082972687
42.0932 4.852467643713213
42.2343 4.8153568679261625
42.3777 5.142924400776273
42.5247 5.14220834308445
42.6729 5.13653114512211
42.8223 5.155539122410462
42.9705 5.164887325697184
43.1211 5.171492293074326
43.2753 5.170468176318432
43.4127 5.090381452429128
43.5502 5.0273237407513305
43.6924 4.955385003012763
43.8048 5.115118660233378
43.9542 5.478020496224378
44.1251 5.538348725763729
44.2446 5.841967782229012
44.4191 5.9470871702964825
44.5231 6.1409334993688685
44.6689 6.242088009248615
44.7812 6.2081794330476106
44.8936 6.178780828627431
45.0669 5.851572902796357
45.1864 6.043808083496448
45.3131 6.095322986577118
45.386 6.382521373394306
45.49 6.335580416474098
45.5999 6.288002995345325
45.7015 6.662233465455412
45.8115 6.633302761762659
45.9406 6.6427792640586505
46.0481 7.015258774916062
46.1736 6.9740298066322906
46.3123 7.116289017236484
46.4521 6.985315152713076
46.5537 7.021887483355635
46.6206 7.354009296920431
46.7629 6.9487428220705985
46.8692 7.037678883132071
46.9732 6.870254997924677
47.0724 6.875598160785644
47.174 6.689453125000001
47.2792 6.851216607023992
47.3808 6.841975737382916
47.486 6.8634073839048995
47.5888 7.0584598139981125
47.6939 7.02833166159374
47.7931 7.336425781249992
47.8947 7.270364200367613
48.0023 7.351038459137932
48.1063 7.509518558588668
48.2079 7.436373897303631
48.3095 7.531738281250001
48.4122 7.51035193097321
48.5138 7.47377554169898
48.6142 7.520366846316361
48.717 7.485137004827016
48.8198 7.360839843750001
48.9226 7.326656905376199
49.0242 7.275390625000001
49.127 7.175094135931306
49.231 6.9487428220705985
49.3421 6.69439576664084
49.4377 6.530761718750001
49.5405 6.436730193075914
49.6529 6.119769994174443
49.7545 5.891644588618186
49.8596 5.693724597020276
49.9612 5.644329695822318
50.0748 5.54680348077563
50.1788 5.444335937499992
50.2815 5.388921353068442
50.3939 5.315178720039939
50.5003 5.266415612516636
50.603 5.145078757906974
50.7046 5.059733849600461
50.8349 5.120126289946808
50.9365 5.1079355130659
51.0369 5.1606961382113345
51.154 5.279192185245772
51.2676 5.315178720039939
51.362 5.565213704206257
51.4803 5.682160323810279
51.5915 5.840433054956886
51.7014 5.974143581455964
51.803 6.156342324817002
51.9082 6.266059316744353
52.0098 6.509874854360951
52.1114 6.558637961884172
52.2106 6.590324176859865
52.311 6.69417842741928
52.4209 6.723014145521088
52.5429 6.631782623169127
52.6468 6.64471071815
52.7484 6.497684077480125
52.85 6.695099692931048
52.9612 6.709770868288507
53.0699 6.559365809843486
53.1739 6.6828600225600585
53.2803 6.643973400050035
53.3819 6.692736507573256
53.4835 6.689453125000001
53.591 6.626674107142885
53.7106 6.600597671895909
53.8098 6.529947186553791
53.9209 6.278250093625179
54.0225 6.253868539863527
54.1265 6.427971151109839
54.258 6.436730193075914
54.3584 6.604003906249992
54.4635 6.60813432887577
54.5651 6.783947607226355
54.6691 6.976612111463876
54.7695 7.142852410532584
54.889 7.254317206053669
54.9835 7.333241754395859
55.103 7.249432590167872
55.195 7.299804687500001
55.2978 7.241321467210418
55.3958 7.30696789830068
55.5081 7.181164427505228
55.6038 7.306148455898877
55.7101 7.18904021602339
55.8189 7.229130690329674
55.9109 7.2576797505889425
56.0221 7.204749136567941
56.1249 7.070650590878938
56.2265 7.131604475282986
56.3316 7.181164427505228
56.4332 7.067871093750001
56.536 7.095032144640508
56.6567 7.021020060118643
56.7571 7.0786017385926705
56.8504 6.958007812500001
56.9531 6.815400534763027
57.0547 6.693479237182293
57.1599 6.64157790418919
57.2746 6.461828771778899
57.375 6.455326847352494
57.4814 6.372070312500001
57.577 6.404974786451328
57.6918 6.237792968750001
57.7898 6.177348475302353
57.8997 6.071680619520551
58.0109 6.005859375000001
58.1208 5.961951451697891
58.2153 5.976187910077457
58.3264 5.859375000000001
58.4376 5.815000572153798
58.5392 5.936908340962056
58.6372 5.879552366772036
58.7459 5.958980410605578
58.8631 6.091210149949532
58.9694 6.268698727165127
59.0842 6.363313004544419
59.2085 6.469069387197077
59.3196 6.642548934273026
59.4392 6.583019515645824
59.5467 6.631782623169127
