0.900697 2.7200614322852257
1.04054 3.4537146276242083
1.11942 4.3891962864185095
1.2485 5.10397614131241
1.38236 5.4955587393805665
1.5222 5.565598692542617
1.65367 5.588292878194469
1.71104 5.613085839085004
1.86164 5.1743165869790495
1.96442 5.400634012489142
2.06602 5.1080488741150205
2.16761 5.249081760630645
2.2704 5.432189263908458
2.37438 5.615296767186271
2.47836 5.5834997239729685
2.57995 5.725224883469662
2.68513 5.786197103578896
2.78792 5.920475939315959
2.8919 5.940603999543851
2.99827 5.839511720050325
3.10106 5.717601245727774
3.20385 5.5834997239729685
3.30544 5.537229653895811
3.40942 5.4372071547859075
3.5134 5.351869822760123
3.61141 5.335322310092867
3.72137 5.451665398758348
3.82535 5.473780297082674
3.92933 5.485971344514928
4.03331 5.459301800773606
4.13012 5.598928435921433
4.24008 5.63226391370199
4.34646 5.780275630159367
4.44805 5.874056043836238
4.55442 5.837189583310069
4.66199 5.775745482433121
4.77314 5.837189583310069
4.88669 5.851702767482581
4.99067 5.915271451670518
5.09824 5.9126580046438555
5.20461 5.8814618091582425
5.30381 6.0833326686954265
5.41496 6.079236656647976
5.51536 6.066747458584274
5.60978 6.041535320586333
5.72333 6.0833326686954265
5.82014 6.164795902359372
5.9277 6.132096858424447
6.02212 6.1403632736808795
6.13208 6.132096858424447
6.23965 6.2217436949955145
6.34363 6.1689877280455905
6.44762 6.132146071303768
6.56355 6.278389427611508
6.67709 6.2418162853147425
6.78227 6.132096858424448
6.88386 6.302771522476018
6.98426 6.282861020093702
7.08944 6.266198380179253
7.20059 6.278389427611508
7.2974 6.288027320342547
7.39541 6.3675213750507815
7.50656 6.3608927899095695
7.61413 6.302771522476018
7.71572 6.339344664772783
7.81731 6.327153617340528
7.90815 6.392297722813625
8.02408 6.205243143017977
8.12687 5.8917101394653
8.23324 5.7997482382383225
8.34798 5.620072866269734
8.45435 5.58569226922054
8.56073 5.41998209702327
8.66949 5.371213110291383
8.77467 5.290914585598847
8.87387 5.451665398758348
8.95395 5.5252481740561254
9.08183 5.4250161073536525
9.20972 5.554546719276106
9.31848 5.87608486234709
9.41769 6.197296764956239
9.51689 6.415878423907627
9.62924 6.497828281392099
9.72246 6.776968292265796
9.8372 6.948897036385537
9.93879 7.0829985581403445
10.0379 7.103653186247183
10.1555 7.123268455214211
10.2583 6.9673504885490685
10.3611 6.875630741926465
10.4639 6.841735164268457
10.5715 6.710660982808274
10.6754 6.528222965374491
10.777 6.442735405837637
10.8798 6.523296168690368
10.9802 6.786253895721089
11.0926 6.909179687500001
11.193 7.111248485544751
11.2898 7.288804221016598
11.4021 7.489556572186723
11.5133 7.629394531250001
11.6149 7.809484225856375
11.726 7.922363281249999
11.8181 7.994543093767668
11.9292 7.971191406249999
12.0308 7.922363281250001
12.1324 7.873535156249999
12.2352 7.824707031249999
12.338 7.890732907458635
12.4539 7.873535156249999
12.5591 7.836914062499999
12.6607 7.983398437499999
12.7623 7.922363281249999
12.8519 7.862459811334165
12.9631 7.810952182157867
13.085 7.782960439390607
13.1961 7.712322732676532
13.3156 7.522544060731283
13.4352 7.25351224409125
13.5356 7.202148437499999
13.6383 7.156780167989082
13.7399 7.108011648956788
13.8344 7.023619401144491
13.9491 6.799316406249999
14.0531 6.930888743640527
14.1702 6.921386718750001
14.2814 6.860351562499999
14.4009 6.802453499500695
14.524 6.98304368088131
14.6483 6.945800781249999
14.775 6.909179687499999
14.9052 6.873322296227422
15.0391 7.044610901960189
15.1754 7.04440610338466
15.271 7.288072599850709
15.3929 7.272870934375314
15.5184 7.2376361112704295
15.6451 7.187199622690148
15.7742 7.133979301948008
15.9068 7.10589988059626
16.0419 7.077742793448242
16.1973 7.073168744362447
16.312 7.104492187499999
16.4136 7.055664062500001
16.5164 7.031249999999999
16.606 7.313215069918025
16.7435 7.006835937499999
16.8474 6.961706091859908
16.949 7.315277854844029
17.0506 6.900745443069541
17.1905 6.87559816078565
17.304 6.848144531250001
17.4199 6.8000719698022625
17.5407 6.375776308671791
17.6626 6.335449218749998
17.7869 6.314822424267662
17.9064 6.338266225961478
18.0199 6.1814097873432114
18.1251 6.375776308671791
18.2375 6.58301951564583
18.3534 6.790262722619869
18.4729 6.997505929593908
18.596 7.180367582806295
18.7191 7.4156224565924145
18.7729 7.660168855163132
18.8948 7.65849848858987
19.006 7.597392763008601
19.1183 7.523517219387781
19.2343 7.211295753740958
19.3514 7.156037303199934
19.4996 6.896810759283827
19.5976 6.619591846288308
19.7207 6.558637961884179
19.8211 6.506347656249998
19.9227 6.469726562500001
20.0255 6.616210937499998
20.1522 6.997505929593908
20.2657 6.982421875000001
20.3685 7.0950321446405145
20.4677 7.433885301177234
20.5968 7.421874999999998
20.6989 7.381153265547012
20.8111 6.9793199550199185
20.9192 6.5974064997502575
21.0207 6.305430329290648
21.1221 5.879869149733442
21.2386 5.529785156249998
21.364 5.315965221774183
21.4429 5.279192185245775
21.566 5.132886628148901
21.6676 5.400514158205726
21.7799 5.5291708039384835
21.8624 5.689682708688283
21.9992 5.686198793785797
22.1281 5.53818494232066
22.2529 5.401086050877533
22.3856 5.252181612064129
22.5231 5.097004623258841
22.6689 4.936566221073938
22.7812 4.926713911088917
22.8995 4.844576547400879
22.9964 5.041454769263959
23.147 5.031718645274766
23.2533 5.184019485844209
23.4195 5.16514089655749
23.5246 5.132886628148901
23.6143 5.29050854427649
23.7469 5.352344963794222
23.8438 5.496972588542833
23.9812 5.603027343749998
24.0828 5.529785156250001
24.1856 5.473658819490681
24.3242 5.371093749999998
24.4258 5.322265625000001
24.5286 5.278606389397468
24.6732 4.748535156249998
24.776 4.7178306528794804
24.8776 4.656876768475351
24.978 4.602050781249998
25.0808 4.547159776547919
25.1776 4.730402658255505
25.3222 4.882812500000001
25.425 4.827547644806913
25.5254 5.316795776453016
25.6748 5.493164062499998
25.7764 5.725097656250001
25.8792 5.961289894723714
25.9796 6.213378906249998
26.0824 6.448920969956746
26.184 6.680545730692437
26.2844 6.909179687499998
26.3871 6.888553313311467
26.4887 7.010474610892195
26.5891 7.128906250000001
26.6919 7.241321467210424
26.7935 7.373046874999998
26.8963 7.4851370048269406
26.9979 7.592773437499998
27.1007 7.704570988681805
27.2154 7.836914062500001
27.3182 8.10686662574905
27.4186 8.068847656249998
27.5214 8.021531187583275
27.623 7.984958856940799
27.7234 7.922363281249998
27.8262 8.05810351822575
27.9278 8.032226562499998
28.0305 8.010229251054218
28.1321 7.958984374999998
28.2206 8.099889652958101
28.3377 7.910156249999998
28.4405 7.8874326418941925
28.5552 7.850860311251715
28.6568 8.0337219644641
28.7584 7.983398437499998
28.8612 7.7533340962051085
28.9628 7.934570312499998
29.0656 7.911814195655844
29.1743 7.888307953473484
29.2759 7.888307953473484
29.3775 7.836914062499998
29.503 7.789906426847586
29.5831 7.978687926863989
29.7074 7.765524873085934
29.809 7.997149633821625
29.8927 7.941170585515098
30.0158 7.714843750000001
30.1186 7.9483865262983215
30.213 7.889418350336256
30.3385 7.92400497253667
30.4401 7.899623418775018
30.5428 7.839539434441191
30.6444 7.876115823715411
30.7484 7.937816863364477
30.8488 7.838669534370889
30.9492 7.800292968749998
31.0508 7.470703125000001
31.156 7.446289062500001
31.2528 7.636883721179125
31.3795 7.448564674184463
31.4811 7.568359374999998
31.5839 7.25351224409125
31.7033 6.949513962101834
31.8274 6.6827703546453625
31.8985 6.651878356933648
32.0262 6.4677373515320395
32.1552 6.19766962124193
32.2889 5.511454286903462
32.3934 5.122203519817772
32.5176 4.6787596433044705
32.6418 4.496741303015632
32.7659 4.309346493728617
32.9169 3.8077475838702455
33.0411 3.3051675420459907
33.1653 3.0124589774367037
33.2894 2.987811037115486
33.4136 2.9755659099141534
33.5378 2.9510756555116067
33.6619 2.9388305283102754
33.7861 3.193406497730959
33.9103 3.5468269796932796
34.0344 3.9006956114270714
34.1586 4.253667943617921
34.2828 4.607088425580215
34.4095 4.908543898212859
34.5421 5.1852876106194685
34.6533 5.553889966461319
34.7788 5.6466467424112
34.9174 5.715574459963773
35.0322 5.915135513117336
35.178 5.882906626505964
35.2843 5.99482288099308
35.411 6.010719970730184
35.4863 6.115375239313054
35.613 6.164550781250001
35.7086 6.299817317872328
35.8377 6.314822424267738
35.9525 5.908203125000001
36.0481 6.0523786296338855
36.1867 5.729665133988017
36.2883 5.676269531250001
36.3911 5.63213891894141
36.5321 5.157270887665048
36.6325 5.102539062500001
36.7353 5.059172405542597
36.8226 5.220176568059241
36.954 5.2791921852457815
37.0497 5.453754646638437
37.1883 5.558994257656537
37.2899 5.510231150133152
37.3915 5.706354487421591
37.5337 5.802809795272972
37.6353 5.766237464630494
37.7369 5.729665133988099
37.8528 5.6930928033455395
37.9831 5.627441406250001
38.1146 5.878504474604213
38.2496 5.9174328315548195
38.3871 5.94971350712872
38.46 6.234376365503379
38.5807 6.174835041043469
38.7074 6.14916005126782
38.8365 6.119227928270479
38.9691 6.072844692211105
39.115 6.059848654223334
39.2679 6.086884792234316
39.4245 6.115771680471823
39.5225 6.47541955340406
39.6647 6.4298876557173985
39.813 6.390402375881379
39.9635 6.374320072525606
40.1165 5.986335711214037
40.2683 5.936908340962056
40.3699 6.44892096995674
40.4321 6.25311864762549
40.5862 5.85222228387523
40.6878 5.840030154117157
40.799 5.748371955345085
40.9281 5.5489124822987685
41.0834 5.157270887665048
41.185 5.132886628148901
41.2735 4.842709041154588
41.393 4.791382732875078
41.5723 4.382324218750001
41.656 4.096510137497093
41.8257 3.630328719542728
41.9105 3.2920254663630955
42.0073 3.163875011110431
42.2296 2.5012211263434754
42.3085 2.2588956092524355
42.4723 1.9505243009320967
42.5976 1.7134170958449662
42.7845 1.3808227762225813
42.9117 1.1824557895838248
43.0974 1.1000236469961993
43.2239 1.1064039833353347
43.4084 1.2687161452378208
43.5314 1.4318525280096102
43.6555 1.7130711132767562
43.7797 2.0391672276008284
43.9039 2.3696990448600235
44.028 2.70518262426649
44.1534 3.0293184168198817
44.2776 3.3574945786420365
44.4041 3.70862432415038
44.5289 4.05737935556255
44.6616 4.366664219086161
44.7644 4.781099044766193
44.8911 4.93196264317946
45.0214 5.030555216003216
45.1744 5.150605947243861
45.2724 5.306794493962094
45.4265 5.317739773422695
45.5305 5.25422483563581
45.662 5.107935513065982
45.7409 5.22737598408226
45.8735 4.9256204222616535
45.9644 5.0070041863275785
46.0976 4.6482965192948384
46.2134 4.285937410622368
46.3418 3.9145424887612434
46.4624 3.673431595671571
46.5878 3.6079060910037124
46.7251 3.501083912808158
46.8009 3.7233145456128094
46.9591 3.715426799122989
47.0832 4.074149235792214
47.2093 4.420728157600599
47.3419 4.727850981463577
47.4495 5.149245331124887
47.5762 5.298586773104859
47.7029 5.371824037189371
47.8594 5.491333617960714
47.9563 5.61693774662592
48.0829 5.8397834683642476
48.2132 5.541992187500001
48.3423 5.729665133988017
48.4236 5.85517773997133
48.5539 5.912526787200486
48.6495 6.039769507488736
48.7809 6.083872749278624
48.8825 6.047296360004404
48.9841 5.985671448485441
49.0797 6.140796520254721
49.2387 5.815000572153798
49.3403 5.766237464630576
49.4407 5.712890625000001
49.5435 5.668711249583888
49.6821 5.205461728112589
49.7837 5.132317066827552
49.9271 4.844104867058227
50.0789 4.522778222786343
50.1805 4.547159776547913
50.2748 4.634619748444004
50.4097 4.707206855644361
50.5274 4.673735057064319
50.629 4.8567795109963745
50.727 5.114584521907799
50.8704 5.460301138978374
51.027 5.783595708466223
51.1489 6.037271596167036
51.2852 5.983514300847415
51.4035 5.973480671604533
51.5373 6.332501545446829
51.6604 6.522789420569266
51.7441 6.843695083009384
51.8839 6.873322296227443
51.9818 7.081056364482029
52.1108 7.0242257742257825
52.2122 6.964024599661438
52.3282 6.903043648701179
52.4238 6.980161160865072
52.5445 6.732296986012535
52.6461 6.659119844860224
52.7477 6.598138893899885
52.8481 6.785022516222809
52.9628 6.712498686238812
53.0728 6.710139332315447
53.1756 6.802453499500689
53.2772 6.884383159268912
53.3979 6.896972656250001
53.5007 6.996628536865688
53.6226 6.997505929593983
53.7242 6.9487428220705985
53.8258 6.899979714547295
53.9273 6.851976924037247
54.0277 6.998140517979348
54.1544 6.998282481134128
54.2692 6.94874282207068
54.3971 6.899979714547295
54.5285 6.851976924037247
54.6624 6.873075120514251
54.7317 7.0584598139981125
54.8333 7.021887483355553
54.9624 6.643973400049953
55.064 6.591796875000001
55.1572 6.511240352985764
55.2672 6.418043171840847
55.3974 6.376388579617247
55.5289 6.115722656250001
55.6496 6.284043132840455
55.8086 5.973480671604615
55.9281 6.174364386995711
56.0608 6.213378906250001
56.1755 6.164550781250001
56.2914 6.242370436133578
56.4014 6.412348639314263
56.5138 6.583019515645824
56.6153 6.75443988597266
56.7361 6.780652368792878
56.7898 7.027990642021173
56.9118 7.164442337259179
57.0366 7.160288074046285
57.1632 6.88454746749342
57.2813 6.583567415730279
57.3936 6.322438546396098
57.5153 6.169217657585128
57.6163 6.184841616005914
57.7368 6.1869025429024225
57.8349 6.0302104087159965
57.9472 6.169902365427321
58.0488 6.384277343750001
58.142 6.632923508474021
58.2687 6.901619580061491
58.393 6.780329045954054
58.4946 6.962478756243127
58.583 7.065482761549056
58.7014 7.031250000000001
58.8042 7.168176805925463
58.9058 7.107222921521416
59.0061 7.044239724552791
59.1281 7.192558359687115
59.2297 7.1437952521638115
59.3312 7.083627389440641
