0.900697 2.7200614322852257
1.04054 3.4537146276242083
1.11942 4.3891962864185095
1.2485 5.10397614131241
1.38236 5.4955587393805665
1.5222 5.565598692542617
1.65367 5.539593158123058
1.70985 5.56935594592695
1.86522 5.076951443667337
1.96562 5.522544486811693
2.07199 5.00283742373666
2.18793 4.9113237787816235
2.28713 4.907281087845394
2.39111 4.821884496738837
2.49509 4.535069644799032
2.59668 4.4493412671480685
2.70067 4.223679742274893
2.81182 4.124333011091521
2.90863 3.9742814629152976
3.00903 3.972626131382204
3.1154 3.986472510347553
3.2146 3.9832180283634244
3.32217 3.970961972891537
3.42854 3.986472510347553
3.52774 3.9848495964018418
3.63173 3.9848495964018418
3.7369 3.820885689820895
3.84208 3.6451231822443986
3.94726 3.459365827738596
4.06319 3.255009664412223
4.16718 3.0965260477929
4.27116 2.9136603363090674
4.37992 2.74298567225749
4.49107 2.568392145553696
4.59028 2.3684053126747946
4.71577 2.222682057110689
4.81258 2.104660560344826
4.91059 1.984362709753535
5.01457 1.8667372629984587
5.17592 1.6701734982190055
5.27871 1.5747420255172295
5.3815 1.4539677427042936
5.52666 1.529038920018042
5.65202 1.8098973229607638
5.77924 1.993001329254451
5.90952 2.2194109563002278
6.04338 2.516870197288902
6.12465 2.762371643815008
6.25493 2.9016175947257663
6.40313 3.066813712015901
6.5273 3.2339273642866746
6.65266 3.4371083982256283
6.77684 3.617751858045887
6.90459 3.8726867151355138
7.0443 4.025994182527877
7.17989 4.351482220260418
7.26116 4.705394136542467
7.41893 4.786722565158714
7.53366 5.006295589668896
7.65199 5.10233987205452
7.78227 5.086378452443062
7.93459 5.035629005743319
8.05876 4.783083580448451
8.18173 4.564075012390585
8.3071 4.335879523567254
8.43379 4.015533259779143
8.56526 3.795880601336463
8.65968 3.8512981442278225
8.78504 3.6695052771089096
8.88053 3.7389165759794416
9.00469 3.9199671282913817
9.12886 4.093636558025817
9.25303 4.270488457366284
9.37906 4.459657193598127
9.50323 4.685592174655755
9.6274 4.861875924344222
9.75277 5.031291502564599
9.87693 5.220024697886501
10.0035 5.406422960934216
10.1265 5.589440606885989
10.2506 5.803280814942724
10.376 5.883041251415917
10.5014 5.83711446312269
10.6267 5.787365609252275
10.7545 5.738454878891818
10.8786 5.525242179346946
10.9796 5.6621751082972755
11.0703 5.5784597075825015
11.1909 5.40291225507882
11.287 5.636860843297345
11.3808 5.710899897366875
11.5002 5.723189926274618
11.598 5.887952510090742
11.693 5.880638325016969
11.8171 5.80925592923793
11.9186 6.041137993640285
12.0088 5.98081110938552
12.1355 5.988718112963211
12.2693 5.993659167132512
12.3769 6.087250426798801
12.4761 6.065470558771071
12.5717 6.2010556570894595
12.6948 6.027594506608128
12.7964 6.185528439061683
12.8861 6.248326019553852
13.008 5.969238281250001
13.1096 6.127929687499999
13.2111 6.043151930075603
13.3307 5.9003360103195845
13.4227 5.98980285246884
13.5494 5.993652343749999
13.6426 6.123774518570502
13.7764 5.986335711214036
13.8993 6.011687405967975
14.0247 5.829778911800632
14.1184 6.08950709705648
14.2486 6.042480468749999
14.3512 5.938226189650421
14.4612 5.943565209903216
14.5927 5.866364711145158
14.7289 5.959187282864477
14.8531 6.131560468732454
14.9773 6.303933654600431
15.1038 6.458934384430491
15.2119 6.563007474183796
15.3344 6.720846893388548
15.436 6.867217424642022
15.5364 7.11984134752272
15.6607 7.086773221522233
15.7766 7.0615941211978575
15.8782 7.1949534840159926
15.9989 7.0016185766722066
16.0814 7.038764521568937
16.1782 7.073168744362442
16.2941 7.043457031249999
16.4017 6.896972656249998
16.5045 6.839025830143172
16.6049 6.958007812499999
16.7065 6.884765625000001
16.8045 6.940304645930067
16.9276 6.689453124999998
17.0303 6.64471071815
17.1152 6.722250947184683
17.2371 6.713867187499998
17.3399 6.680545730692437
17.4415 6.616210937499998
17.5347 6.737312813461755
17.659 6.750488281250001
17.7618 6.704927284454088
17.8622 6.628417968749998
17.965 6.570828738765004
18.0738 6.188964843750001
18.1765 6.144833398068991
18.3056 5.993652343750001
18.3845 5.860710774535507
18.4813 5.787587064587335
18.5865 5.704076378939812
18.6934 5.227994166094734
18.8176 4.802833516184068
18.9441 4.513029797762488
19.0744 4.19828579760052
19.2047 4.051383913695429
19.3409 3.7611530725779048
19.482 3.392423879540148
19.5549 3.5020751528630973
19.7019 3.548379270186359
19.8308 3.3779339769399908
19.9622 3.1262909968070907
20.0863 2.737870624716809
20.2093 2.3246140466881418
20.3371 1.9758198426369318
20.5191 1.50177258403361
20.6458 1.2751541519685887
20.7707 1.1881843942110637
20.8948 1.2359776790839176
21.019 1.3978478013239342
21.1432 1.548966482548143
21.2673 1.7002800606156125
21.3915 1.8738128326751338
21.5157 2.0179227413614975
21.6398 2.070272104446744
21.7652 2.0923938374827835
21.8882 2.0826564115636463
22.0124 2.0826564115636463
22.1365 2.0826564115636463
22.2607 2.0826564115636463
22.3849 2.0952785716337488
22.509 2.234379039555325
22.6332 2.3888817483030356
22.7587 2.545873903005613
22.8902 2.699712030716731
23.024 2.8185921148869237
23.1137 3.048185162286328
23.2397 3.131616895443914
23.3651 3.2678335143765116
23.4904 3.430027886183578
23.6146 3.5890466398320178
23.7459 3.820662599194779
23.8785 4.069961453342283
24.0402 4.2124914412872565
24.1674 4.397529565612904
24.2965 4.559469433892729
24.4328 4.6943818162751505
24.5332 4.949480696940841
24.6575 4.948910480270769
24.7925 4.938520571876789
24.9455 4.941102599250434
25.0375 5.0310397358831125
25.1833 4.973540434966214
25.2981 4.968261718749998
25.4343 4.8280833841970665
25.5192 4.978395463560116
25.6458 4.620817178309819
25.7718 4.465788642547772
25.9057 4.245142085694054
26.0419 3.819103401960267
26.1268 3.893695165913857
26.2654 3.5628696273878324
26.4064 3.3513000021105475
26.5033 3.513478583992341
26.6383 3.418587753543838
26.7961 3.45017033983849
26.9281 3.6150640212981884
27.0534 3.8293539881226035
27.1848 4.112323078722674
27.3323 4.30525513779416
27.4321 4.588667168674708
27.5659 4.6503621993389865
27.7504 5.139367055084736
27.8758 5.033230894549776
27.9987 4.904388489972805
28.1241 4.773421588594716
28.2489 4.636843728727037
28.3743 4.531218846131942
28.4984 4.332533308570304
28.6238 4.312688190030092
28.748 4.578684952484546
28.8745 4.760324615165333
28.9987 4.917379110527499
29.1259 5.104101429059412
29.2526 5.246455727686221
29.3889 5.365187121975754
29.4952 5.6152903320536725
29.6195 5.614646893262282
29.7486 5.572866088769566
29.8944 5.56114725025085
30.0008 5.655557566915902
30.1299 5.515049178286904
30.2542 5.53461270389481
30.3283 5.620795091993858
30.4657 5.315768574520002
30.5518 5.467631840919345
30.6713 5.468750000000001
30.7633 5.593544833208794
30.9092 5.297851562500001
31.0036 5.449841589038744
31.1303 5.493164062500001
31.2331 5.461468042609855
31.3299 5.611228369828946
31.4948 5.273437499999998
31.5952 5.464636378390117
31.7315 5.546803480775636
31.833 5.481566094149374
31.9358 5.425497742342662
32.0374 5.383300781250001
32.1402 5.322265625000001
32.2442 5.261230468750001
32.3589 5.484911302438505
32.4964 5.583375811418107
32.592 5.510345540800899
32.6601 5.807919991393406
32.7665 5.7640352046330925
32.8765 5.717505651983619
32.9864 5.936130145728795
33.1101 5.95499275602587
33.2349 5.936524773426839
33.3286 6.0656765411159475
33.4468 5.621509017231279
33.5698 5.184041582925534
33.694 4.780544264185396
33.8636 4.182792166326065
33.9423 3.731619942557447
34.0528 3.2411724866674163
34.1782 2.675040256936585
34.3024 2.318948060882878
34.4265 2.200516387845695
34.5507 2.083787098663171
34.6737 1.941136451640678
34.799 1.8276934122590576
34.922 1.8302132101620086
35.0474 1.981679131002977
35.1715 1.9187887797311292
35.2969 1.8402981944125683
35.4223 1.7622432831118264
35.5452 1.6869118468545852
35.6718 1.6089816933638565
35.796 1.5314579881741366
35.9225 1.4668496983053718
36.0395 1.5525256886201853
36.1661 1.7016455907239507
36.2902 1.850567473788239
36.4168 1.9986569472253901
36.5398 2.162069150457654
36.6651 2.3351125942749356
36.7881 2.488893556922182
36.9135 2.6612220778107893
37.0388 2.8160401647785918
37.1642 3.0127042390310788
37.2907 3.188809671751784
37.4149 3.385037765320111
37.5415 3.555283942000918
37.6663 3.7603874978678475
37.7983 3.9307742840011466
37.9322 4.114039706991924
38.0266 4.363490674936301
38.1533 4.387917577130106
38.2955 4.435396702767057
38.4067 4.6790801917417
38.5333 4.555491966136842
38.6743 4.75923926983584
38.7996 4.74311886584733
38.9333 4.6228692787554175
39.0295 4.756685136643713
39.1561 4.595922884071216
39.2963 4.746425633746094
39.4092 4.9155272328526305
39.5357 4.806440730193832
39.6629 4.932384200507615
39.7902 5.101281626845459
39.9131 5.264696117766751
40.0385 5.4459163860910165
40.1615 5.617370362742899
40.2868 5.80070124032769
40.4105 5.969739940068572
40.5372 6.174632667923199
40.6698 6.311401034570824
40.8061 6.414118422156324
40.9149 6.451784611595264
41.0212 6.4266787899600475
41.1037 6.549133945299106
41.2471 6.506347656249992
41.3499 6.436730193075996
41.4515 6.534256408122521
41.5615 6.373522195934628
41.6965 6.222628648637358
41.8328 6.082181880003432
41.9762 5.920403246348932
42.122 5.768417917475199
42.275 5.4736588194907565
42.3587 5.56777729425867
42.5104 5.468251753826554
42.6312 5.456542968750001
42.7579 5.310058593750001
42.8463 5.421922522380367
42.9778 5.461468042609849
43.1033 5.36479647197419
43.1989 5.278606389397462
43.2981 5.386322685291799
43.4319 5.071925979358534
43.555 4.852045459383524
43.6913 4.461824338382214
43.8299 4.340398193874131
43.9746 4.0491868115865435
44.0487 3.730377725532665
44.1752 3.425910508973674
44.2994 3.1152634061285203
44.4283 2.9149452481701608
44.5574 2.710796977689366
44.6925 2.5185747004168086
44.8299 2.210455080730329
44.9698 2.2621918079630006
45.1156 2.3592955523520165
45.2686 2.4034499063020442
45.3463 2.4904740082379053
45.4807 2.6173197915450355
45.6084 2.8468694787985784
45.7493 3.0202076847391983
45.917 2.823442407909749
46.0412 2.7223901754257187
46.1893 2.680861873667366
46.3522 2.454834404004807
46.4764 2.278328816023152
46.6006 2.1146919397341937
46.7247 2.256514898881244
46.8489 2.4108325733857945
46.9731 2.583980341469709
47.0972 2.7519470656670038
47.2214 2.9283411362591925
47.3456 3.105051377240379
47.4697 3.2821387021716504
47.5939 3.4584718592026995
47.7181 3.63518210018386
47.8422 3.812330338676297
47.9676 3.9957159426629305
48.0918 4.172182892812077
48.2183 4.362347933831126
48.3425 4.562971521023995
48.4673 4.773387477132413
48.5945 4.982404960973163
48.7272 5.1695992192789575
48.8635 5.31497760143798
48.9662 5.5709567011192735
49.0917 5.552203328664545
49.2208 5.521270075326929
49.3571 5.437677556818102
49.4969 5.351751050682498
49.5985 5.278606389397462
49.6994 5.355911212520873
49.8176 5.408615588926009
49.9418 5.369303982006028
50.0248 5.656302405830723
50.1544 5.7000502548328305
50.2871 5.944163756110469
50.3648 6.282597029254429
50.4974 6.285922657899163
50.6038 6.305430329290723
50.6958 6.446378567773515
50.8225 6.378274180746189
50.9432 6.3929327456969185
51.0508 6.266059316744353
51.1416 6.33634728371935
51.2624 6.311035156250001
51.3735 6.188964843750001
51.4763 6.119769994174443
51.5779 6.262207031250001
51.6807 6.205105432340224
51.8038 6.103515624999934
51.8994 6.005859375000001
52.0022 5.936908340962056
52.0835 6.073476575912838
52.2125 6.108257008794771
52.3141 6.0472963600043945
52.4133 6.19107897322966
52.5568 5.8881452334387525
52.6583 5.823400950800143
52.7611 5.766877375568717
52.8615 5.957198469606243
52.9882 5.985671448485441
53.0886 5.920410156250001
53.1914 5.863763679677101
53.293 5.815000572153879
53.3934 5.749511718750001
53.5225 5.489994319821155
53.6229 5.441041931844408
53.7255 5.345867014129747
53.8277 5.496981410701875
53.9327 5.454928581786609
54.0391 5.424244253165642
54.1694 5.470783584201022
54.3068 5.749545564492851
54.4478 5.809255929237935
54.5399 6.125786149515389
54.6701 6.046150457196265
54.7897 6.050653730846023
54.9116 5.920410156250001
55.0144 6.083197663531966
55.1399 5.9369083409621375
55.2414 5.876606543391377
55.3239 5.960893864698498
55.4547 5.612116532481987
55.5418 5.638532477947079
55.7055 5.087786179812822
55.7693 4.994357340690455
55.8996 4.683337033747839
56.0311 4.4935116154471295
56.1697 4.073527524145251
56.2618 4.142924379167647
56.383 4.010720526224593
56.5096 3.7822617620725594
56.6337 3.5411108443565236
56.7627 3.330345908538719
56.8947 3.1632697769715605
57.074 2.7688425495447886
57.2102 2.6105643112924852
57.2963 2.717602853898005
57.4199 2.8057867048383307
57.5453 2.968583222452928
57.6706 3.10594790449765
57.796 3.2777742738680264
57.9285 3.4922066728993713
58.0623 3.7595310119536207
58.2264 3.881209935897429
58.3513 4.072248969585012
58.4754 4.2534178575495485
58.5996 4.472199704247431
58.7249 4.67263442488598
58.8491 4.904834776061867
58.9733 5.125110764921118
59.0986 5.358570850984662
59.2228 5.5894691045032525
59.3531 5.787541155848244
59.4893 5.9438883783252985
59.5993 6.1990246644774425
59.7236 6.197608877183927
59.8575 6.191752580048488
59.9746 6.198417022989724
60.0905 6.051325652415371
