0.900697 2.7200614322852257
1.04054 3.4537146276242083
1.11942 4.3891962864185095
1.2485 5.10397614131241
1.38236 5.4955587393805665
1.5222 5.565598692542617
1.65367 5.588292878194469
1.71104 5.613085839085004
1.86164 5.22301603720944
1.96203 5.668837055998754
2.06243 5.24914008505747
2.16522 5.651918267841833
2.268 5.8350906061801675
2.37438 6.19699130701594
2.47597 6.351535712205038
2.57756 6.482077639919813
2.68154 6.766031324901711
2.78314 7.006913792097649
2.88592 7.150727036487969
2.98991 7.436456414574175
3.0915 7.192717985030638
3.19309 7.46092102854025
3.29468 7.3633926490822095
3.39866 7.339010554217699
3.50026 7.399883678109055
3.60304 7.314628459353189
3.70463 7.3877747439467205
3.80862 7.317076179796823
3.90901 7.351201601649954
4.0106 7.314628459353189
4.11459 7.319598405491523
4.21857 7.278055317056425
4.32255 7.214515791323184
4.42534 7.253673222191914
4.52335 7.19430456199791
4.6333 7.009852273546812
4.7349 7.168335890166129
4.83768 6.8727113206682775
4.94167 7.131683610698177
5.04087 6.906257736095218
5.14485 7.022043320979067
5.24644 7.082998558140343
5.35042 6.976258093271025
5.45321 7.070807510708088
5.556 7.0464254158435775
5.65759 7.034234368411322
5.75918 7.022043320979067
5.85958 6.9673750611934055
5.96356 6.961088083817792
6.06754 6.81167480805133
6.17272 6.826986562062986
6.27431 6.802604467198476
6.3759 6.61973875571465
6.4775 6.872634956360586
6.58028 6.453989530368628
6.68905 6.657572233459534
6.78347 6.6373415056631915
6.88984 6.485637233959844
6.99382 6.808928749294448
7.08944 6.507965455572219
7.1982 6.61973875571465
7.2974 6.698458830761379
7.39899 6.588447645584641
7.50298 6.741649230037201
7.60696 6.607547708282395
7.70855 6.705076087740435
7.80895 6.661788435702467
7.91412 6.607547708282396
8.01811 6.64412085057916
8.11731 6.515106855466816
8.22249 6.57097456598563
8.32408 6.461255139095334
8.42567 6.412490949366314
8.52726 6.522210376256609
8.63124 6.3590530997875
8.73284 6.510019328824355
8.83682 6.436873044230825
8.93841 6.485637233959844
9.04239 6.48207763991983
9.14398 6.405166934622549
9.24797 6.412490949366314
9.34717 6.282861020093702
9.45115 6.327153617340528
9.55274 6.209520229975877
9.66151 6.063362689853856
9.75832 6.274483778986397
9.85991 5.952827464563488
9.96509 6.168670000721212
10.0655 6.013810969504068
10.1719 5.969039313272935
10.277 6.2420240803417375
10.381 5.961554499894534
10.485 6.095523716127682
10.5854 6.062838649740226
10.6906 6.030206435206219
10.7946 6.188758551798324
10.8973 6.09569539997772
11.0013 6.164550781249999
11.1029 6.1525398468874855
11.2117 6.140136718749999
11.3145 6.091308593749999
11.4184 6.0960349930362305
11.5236 6.0344345560086685
11.624 5.948479800300789
11.728 5.952761233728335
11.832 5.9405379047063045
11.9384 5.916091246662246
12.0435 5.937567192181744
12.1463 5.863763679677107
12.2479 5.895996093749999
12.3519 5.9533626475233214
12.4523 5.96071947067178
12.5563 5.883789062499999
12.6615 5.859374999999999
12.763 5.811192563062595
12.8658 5.596187558955689
12.9698 5.648998503989402
13.069 5.598284692089472
13.173 5.5493913760013545
13.2758 5.67920705213903
13.3798 5.322265624999999
13.4838 5.5637765437999045
13.5662 5.485024186424256
13.6953 5.493164062499999
13.7969 5.676269531249999
13.9021 5.383300781249999
14.0037 5.566406249999999
14.1065 5.529785156249999
14.2104 5.554199218749999
14.312 5.566406250000001
14.4172 5.566406250000001
14.5188 5.554199218749999
14.5989 5.746539948638018
14.7291 5.508465355153209
14.8343 5.493164062499999
14.9359 5.419921874999999
15.0375 5.468749999999999
15.157 5.352881646925352
15.2682 5.322265624999999
15.3686 5.2927014665387295
15.4726 5.280478137516701
15.5765 5.38389899224916
15.6769 5.336496281751336
15.7833 5.358886718749999
15.8873 5.456542968749999
15.9889 5.378264769692938
16.0941 5.310058593749999
16.1957 5.273437500000001
16.2984 5.237398339398838
16.3965 5.189898886596517
16.5208 5.072681544142195
16.6211 5.1167522632312
16.7383 4.907226562500001
16.8435 5.015921085438855
16.9367 4.926324905636277
17.0622 4.938224924899868
17.1686 5.065917968749998
17.2713 4.834521544060456
17.3753 4.974894911965976
17.4781 4.981545840992654
17.5857 4.998218521138474
17.6873 5.034790851780952
17.7912 5.120957857264674
17.9167 5.017647360123357
18.0207 5.114746093749998
18.1211 5.023788228054095
18.2263 4.968261718750001
18.3255 5.095398289189482
18.4498 4.894175428025282
18.5526 4.956054687499998
18.6518 4.871388807653752
18.7582 4.869826296542568
18.8586 4.84043829272365
18.9625 4.815891254438993
19.0641 4.815891254438993
19.1681 4.748535156250001
19.2805 4.699707031250001
19.3844 4.681777827100186
19.4884 4.669585697342113
19.5912 4.595922884071222
19.6892 4.565397048379026
19.798 4.473738422062758
19.9044 4.474015115262964
19.9916 4.497109956444529
20.1087 4.4742362231556525
20.2175 4.504394531249998
20.331 4.419436360984546
20.4482 4.534740524598355
20.5534 4.547078396194917
20.6585 4.541015625000001
20.7625 4.547159776547919
20.8593 4.620997283068329
20.9729 4.583764746485905
21.0816 4.565429687499998
21.182 4.528546780747292
21.286 4.479719355782103
21.3912 4.461515093040709
21.4964 4.406738281249998
21.6135 4.382324218750001
21.7127 4.363155747991926
21.8203 4.309082031250001
21.9242 4.316013934357985
22.0294 4.388679677097183
22.1298 4.382324218750001
22.2338 4.4496335615013125
22.3378 4.760742187499998
22.443 4.901554937833779
22.5458 5.041503906250001
22.6509 5.261230468750001
22.7525 5.554199218749998
22.8541 5.622731350133551
22.9605 5.798339843750001
23.0645 6.062771194926621
23.1684 6.238486133876032
23.2712 6.074994523948631
23.3776 6.083197663531972
23.4816 6.192914655459404
23.5844 6.107579217293623
23.6824 6.136242250335072
23.7888 6.127929687500001
23.8939 6.09203142293854
23.9931 6.132641268310918
24.0947 6.09944118199271
24.1975 6.079101562499998
24.3027 6.168793866978592
24.4067 6.1116645110147205
24.5119 6.05881610977032
24.6146 6.217752548462548
24.7174 6.062771194926602
24.8226 6.103515624999998
24.923 6.283512064343115
25.0354 6.038842611754901
25.1334 6.262207031249998
25.2361 6.197917391092646
25.3413 6.196853962350457
25.4429 6.335449218749998
25.5481 6.266059316744353
25.6521 6.261574794571744
25.7477 6.2789509003175
25.8541 6.237792968750001
25.9568 6.217986176617432
26.0572 6.177444195188392
26.16 6.1814097873432114
26.2604 6.140136718749998
26.362 6.140136718750001
26.4612 6.119835185494636
26.5688 6.131960771055275
26.6704 6.095388440412798
26.772 6.071006886651146
26.8724 6.066894531250001
26.9775 5.884442889487756
27.0827 5.895162681977851
27.1891 5.944824218750001
27.3146 5.6838479952437
27.421 5.815000572153804
27.519 5.819744124417401
27.66 5.5711850345372875
27.764 5.790619018392152
27.8524 5.781617883133634
27.9803 5.744964640353829
28.0831 5.883789062499998
28.1871 5.619948142060591
28.2875 5.784858182730865
28.3927 5.818304614486007
28.4966 5.782277960526277
28.6006 5.802809795272978
28.7046 5.802809795272978
28.8062 5.778428241511326
28.8827 5.964688375099998
29.007 5.740405403993975
29.1146 5.722045898437543
29.2174 5.651855468749998
29.3201 5.657148207746056
29.4373 5.546803480775636
29.5424 5.581322201853855
29.644 5.542608032837007
29.7528 5.551601978058548
29.8544 5.566406250000001
29.9584 5.551601978058548
30.0612 5.5102311501331585
30.1639 5.58399542919761
30.2643 5.444940930936793
30.3683 5.444335937499998
30.4735 5.308110663231412
30.5763 5.363941827563249
30.6791 5.210714137300565
30.7807 5.186365005817844
30.8787 5.109351531208303
30.9839 5.139160156250001
31.0902 5.315178720039945
31.1918 5.168889397470036
31.2946 5.193270951231687
31.401 5.1215748602303135
31.505 5.181080174350861
31.6066 5.315178720039945
31.7081 5.256616327751163
31.8121 5.250818589154413
31.9185 5.247237834524628
32.0213 5.25603147947266
32.1253 5.315178720039939
32.2245 5.194914834362511
32.3285 5.175781250000001
32.4289 5.1460215182743925
32.5304 5.061021301602284
32.6368 5.071363182423429
32.736 5.023788228054095
32.8388 5.065917968750001
32.9452 4.973836967376816
33.0492 5.059172405542679
33.1496 5.029296875000001
33.2547 5.065917968750001
33.3575 5.059172405542597
33.4711 4.9606262450199585
33.5727 4.99821852113855
33.6719 4.889331608811749
33.7758 4.889044032987433
33.8786 4.797363281250001
33.9826 4.705981673481303
34.0878 4.723731507646287
34.1882 4.6324952147136935
34.2934 4.699707031250001
34.3973 4.669585697342113
34.5085 4.5593017252169465
34.6137 4.693758344459273
34.72 4.688020891210129
34.824 4.718354216374406
34.9268 4.699707031250001
35.0332 4.724121093750001
35.1384 4.70563987599873
35.2424 4.803166091045255
35.3451 4.7242550288152705
35.4467 4.718205002503333
35.5507 4.681535015437244
35.6559 4.644865028371155
35.7479 4.708426339285734
35.8698 4.565429687500001
35.9726 4.547078396194917
36.079 4.553222656250001
36.183 4.516763890043221
36.287 4.504589324301865
36.3909 4.578145401572388
36.4937 4.608113660952124
36.5965 4.601985850232719
36.6969 4.797950785427824
36.8021 4.87631075233021
36.9061 5.120126289946726
37.01 5.225189951661332
37.1116 5.347273829036573
37.2168 5.419921875000001
37.3208 5.595566588299015
37.4236 5.789364085477938
37.5324 5.798339843749992
37.6351 5.840030154117157
37.7367 5.864414413633304
37.8383 5.916091246662272
37.9423 5.957031249999992
38.0463 5.8549746015520965
38.1503 5.92471756408123
38.2531 6.131960771055269
38.3546 6.075670499749603
38.4586 6.193601917101285
38.5626 6.213820124246922
38.669 6.302631647386912
38.7682 6.453917723631553
38.8686 6.364628592914343
38.975 6.44892096995674
39.0765 6.461828771778899
39.1805 6.498405161053119
39.2821 6.457519531250001
39.3837 6.494140625000001
39.4865 6.420898437500001
39.5881 6.4416943946095495
39.6945 6.412348639314344
39.7984 6.327715344440092
39.9024 6.335226290121694
40.0016 6.315523214682009
40.102 6.237792968750001
40.206 6.192914655459398
40.3076 6.058816109770314
40.4092 6.099441181992691
40.512 6.132074855865631
40.6184 6.0222437791278365
40.7223 6.083872749278624
40.8215 5.928314575684275
40.9267 6.050547865904599
41.0116 6.12773317934467
41.1299 6.0261012078605125
41.2375 6.119769994174525
41.3438 5.969901603650437
41.4407 6.061930184016496
41.5482 6.131960771055269
41.6522 6.066894531250001
41.7562 6.091308593750001
41.8614 6.067040432021934
41.9641 6.1082760271587935
42.0717 6.091308593750001
42.1745 6.0222437791278365
42.2761 5.981445312500001
42.3837 5.896822864790884
42.4853 5.863763679677101
42.588 5.77906950532679
42.6932 5.827191349034705
42.796 5.810546875000001
42.9 5.8549746015520965
43.0028 5.847167968750001
43.108 5.859375000000001
43.2227 5.863763679677101
43.3231 5.854974601552123
43.4414 5.712170603495331
43.5287 5.786132812500001
43.6291 5.622731350133532
43.7342 5.608379688713763
43.8346 5.562074722782202
43.9494 5.498040373252408
44.0534 5.575951109541261
44.1597 5.431304106841224
44.2745 5.498040373252326
44.3785 5.512721388935264
44.4836 5.4248957119673715
44.5864 5.558994257656537
44.6856 5.500498059913235
44.7896 5.498040373252326
44.8912 5.529785156250001
44.994 5.554199218750001
45.0992 5.539427412317191
45.1996 5.586061363067469
45.3083 5.45738785323984
45.4087 5.549391376001354
45.5139 5.412165664795537
45.6191 5.463828072847146
45.7242 5.347273829036573
45.8402 5.330457611488708
45.9382 5.327369496920765
46.0398 5.297851562500001
46.1462 5.297851562500001
46.2501 5.315768574519992
46.3493 5.3242566113803536
46.4557 5.275297929896397
46.5573 5.2088235755521595
46.6661 5.187988281250001
46.7688 5.171043503811036
46.8812 5.067449894732526
46.9768 4.992675781250001
47.0844 4.9550482567320655
47.1848 4.931640624999992
47.2888 5.010409298019294
47.3892 4.962671582943927
47.4979 4.926001595877838
47.6043 4.964738884228155
47.7131 4.937264636734421
47.817 5.021974007332554
47.9174 4.993230584648297
48.0202 5.018264852105547
48.1182 5.032939295614872
48.2282 5.017089843750001
48.3322 5.02260007490012
48.4338 5.022600074900201
48.5377 4.962196811535874
48.6369 4.920895717270269
48.7445 4.9006923060918615
48.8485 4.864119975449384
48.9489 4.846191406250001
49.0505 4.8282149637016
49.1557 4.821777343749992
49.2596 4.7671227354067
49.3624 4.821662348997029
49.4652 4.803166091045255
49.5692 4.748535156249992
49.6732 4.754874989569422
49.776 4.681535015437244
49.8752 4.713565188551422
49.9899 4.571525054238976
50.0927 4.516601562500001
50.1991 4.492187500000001
50.3031 4.4558910613364375
50.419 4.309082031250001
50.523 4.418945312499992
50.6174 4.433888235460817
50.7393 4.400870453978003
50.8421 4.4374427846204805
50.9497 4.357910156250001
51.0524 4.450127361696792
51.154 4.485961751084768
51.2604 4.479980468750001
51.3644 4.486205892143784
51.4684 4.4983966690246096
51.57 4.510587445905435
51.6644 4.5223364093959635
51.7731 4.450127361696792
51.8759 4.437935231938718
51.9763 4.382324218750001
52.0803 4.351505131842441
52.1986 4.342568887246606
52.3122 4.321289062500001
52.4162 4.291153462050571
52.519 4.291153462050652
52.6217 4.37060281003446
52.7269 4.43555082869433
52.844 4.455736420612796
52.9492 4.742651660547419
53.052 4.980468750000001
53.156 5.170468176318432
53.26 5.261230468750001
53.364 5.566406250000001
53.4667 5.831176717063477
53.5695 5.847167968750001
53.6735 6.058816109770396
53.7775 6.144151547936095
53.8791 6.180723878578572
53.9879 6.095388440412791
54.0894 6.108257008794771
54.1934 6.156342324817002
54.2938 6.136111169058807
54.3954 6.14833449808081
54.4994 6.083197663531966
54.6046 6.144151547936176
54.7086 6.1319607710553505
54.8101 6.010719970730184
54.9141 6.169217657585138
55.0145 6.193273207720576
55.1173 5.99321112575295
55.2237 6.168533101697746
55.3205 6.201564068775035
55.4293 5.9974384817847515
55.5356 6.266754695649725
55.6336 6.1525398468874855
55.7424 6.131960771055269
55.844 6.368354420477345
55.9492 6.209451143190985
56.0567 6.298747060044218
56.1595 6.253868539863527
56.2659 6.245552225315884
56.3663 6.278250093625179
56.4655 6.209451143190958
56.5683 6.213378906250001
56.6711 6.164550781249992
56.7751 6.131960771055269
56.8766 6.140819031975812
56.9818 6.095388440412791
57.0822 6.127929687500001
57.185 6.14833449808081
57.289 6.083197663531966
57.3906 5.973480671604615
57.4898 5.989431220794423
57.5938 6.010053002247011
57.6942 5.883789062499992
57.7981 5.978374276155443
57.8962 5.679207052139036
58.0049 5.766237464630576
58.0934 5.815187909077957
58.2344 5.571185034537281
58.3384 5.786132812500001
58.4268 5.776329794833692
58.5547 5.744964640353856
58.6587 5.8881452334387525
58.7615 5.619948142060666
58.8643 5.773925781250001
58.9694 5.803453764842937
59.0722 5.786132812499992
59.1738 5.798339843750001
59.279 5.802809795272972
59.3806 5.77842824151132
59.4571 5.964688375100004
59.5874 5.729665133988017
59.6901 5.718108856536423
