1.0884 0.07065811914277838
1.09079 0.13533164408788614
1.29079 0.14376790702053346
1.53228 0.19202307362907697
1.77496 0.2880358690427639
2.01644 0.40810464246405737
2.25793 0.6045994703171216
2.49941 0.87811897092262
2.7421 1.3301188346976678
2.98478 2.0069797962021902
3.22626 3.002965904174232
3.56331 3.9808924760764124
3.73303 5.526513714223751
3.98641 4.728027809512143
4.00075 5.4104493396116435
4.22784 4.91299211519894
4.29477 6.043035288367068
4.56489 5.339678775327867
4.66767 5.381336958509235
4.76927 5.499599764351931
4.92703 5.615359160759156
5.03221 6.026543608984067
5.13619 5.681028103431009
5.2342 5.275297929896391
5.33937 5.993785538984249
5.44336 5.87608486234709
5.54853 5.342836083602257
5.61666 5.757819490523382
5.78997 5.97354695596939
5.89395 5.471460602111631
5.96446 5.780066713116912
6.10669 5.554322648142208
6.20948 5.315296680463357
6.30271 5.119420810092383
6.44493 5.144622016411786
6.56087 4.656980119121583
6.69001 4.199032126349935
6.80356 4.177871736869159
6.93269 3.6936515948624673
7.04982 3.6469748373639574
7.17418 3.1850997692426897
7.30087 3.1817116995444468
7.41686 2.5872869247175676
7.53519 3.0504237028427212
7.66075 2.7773310536294784
7.77788 2.72587833626739
7.95841 2.3306308427586884
8.02295 2.378328833121556
8.20109 2.0072315797728373
8.26802 1.9978657351733535
8.44377 1.623138389088217
8.5119 1.6346595651982905
8.68526 1.7170294236611017
8.75458 1.6837973937981165
8.87655 1.8764669001520875
8.99606 1.7480849215541763
9.17062 1.8719789015822117
9.23874 1.8354829505625399
9.41449 1.9552758033837159
9.48143 1.9124962212155299
9.65718 2.0530167571355418
9.72411 1.9895094918685046
9.89986 2.1507794598562815
9.96679 2.0665227625214793
10.1425 2.248642211172655
10.2095 2.1434609057374217
10.3852 2.3586039089700734
10.4522 2.220419595814155
10.6267 2.4433241716825815
10.6948 2.2848071109358634
10.9411 2.00681037303665
11.1838 1.7022153315761908
11.4265 1.4117945020443898
11.6692 1.439060581252555
11.9106 1.4940198961195055
12.1533 1.539293226304945
12.3948 1.5569507386832648
12.6363 1.5869644423235678
12.879 1.6171923364630663
13.1205 1.6474202306025612
13.3631 1.3883821256868132
13.6058 1.1016510345123627
13.8485 0.8437114303346158
14.0912 0.8587777058763013
14.3339 0.9038525812422861
14.5754 0.9355203182941901
14.818 0.9809221540178571
15.1109 0.9317626011950643
15.3536 0.7893692263279435
15.5951 0.6352110569510475
15.8067 0.5359184451219521
16.0494 0.5674430595408904
16.2909 0.573698596605744
16.5335 0.6338266225961539
16.775 0.6651051699229523
17.0177 0.7092821729052182
17.2592 0.5895250369771596
17.5019 0.4828491965389382
17.7446 0.37722593479604555
17.9861 0.40740400957972733
18.2287 0.4527333018543943
18.4702 0.4685968242638982
18.7117 0.5139449040313702
18.9532 0.42389029557668445
19.1947 0.3330566608102521
19.4362 0.227084086916081
19.6789 0.25693710018572125
19.9215 0.301822201236263
20.1642 0.3615906130005476
20.4057 0.3923688616071441
20.6484 0.4526711217552546
20.8899 0.48364630623194327
21.1325 0.5432799622252732
21.374 0.5592929837988463
21.6155 0.5895250369771596
21.8582 0.6196718298596773
22.0997 0.6650136710689263
22.3424 0.7242737948084041
22.5838 0.7558013294578965
22.8265 0.8149199433379137
23.068 0.8464974889928438
23.3107 0.9054666037087896
23.5522 0.93706471832439
23.7949 0.9958764678615615
24.0363 1.0278898080627386
24.279 1.0865599244505477
24.5205 1.1185859675976932
24.7632 1.1771065848214268
25.0047 1.2091157655798594
25.2474 1.267479140914713
25.4889 1.2997994479983495
25.7315 1.358199905563185
25.973 1.3755584196133812
26.2336 1.3697928886244806
26.499 1.10049078395343
26.7429 0.9118467124886551
26.9856 0.7112733474685994
27.2023 0.7789637332775903
27.4438 0.8606296067155695
27.6865 0.8917228771151453
27.928 0.93706471832439
28.1707 0.9958764678615557
28.4121 1.0278898080627445
28.6831 1.0459019238397453
28.8963 1.103469941008528
29.1378 0.9370647183243963
29.3793 0.7418080172591985
29.6208 0.5752796868540719
29.8635 0.6196718298596813
30.1049 0.6651051699229491
30.3476 0.7243732829670314
30.5891 0.7558013294579004
30.8318 0.8148080191594547
31.0733 0.8463810359059006
31.316 0.9053422435105103
31.5574 0.9220776219386333
31.7989 0.9523096751169491
32.0416 0.9825417282952649
32.2831 1.0278898080627445
32.5258 1.086410692212612
32.7673 1.1184320831613694
33.0099 1.1771065848214268
33.2514 1.209282127132642
33.4941 1.267653245192306
33.7356 1.2999782866675906
33.9783 1.3580133652657636
34.2198 1.3904831304168395
34.4625 1.448547589616814
34.7039 1.481370605737488
34.9466 1.5392932263049601
35.1893 1.5845665564903828
35.432 1.6419988559234857
35.6771 1.7116870387453822
35.9197 1.7540944195210249
36.1971 1.4457578379478837
36.4398 1.2005354006764712
36.6824 0.9576944891686187
36.8881 0.9053422435105001
37.1296 0.93706471832439
37.3722 0.9960132640796687
37.6137 1.0278898080627352
37.8564 1.0865599244505477
38.0979 1.1184320831613694
38.3406 1.176944916563651
38.5821 1.2091157655798686
38.8247 1.267653245192306
39.0662 1.2999782866675773
39.3089 1.358199905563185
39.5504 1.3906744462025247
39.7931 1.4485475896168025
40.0358 1.4938147017923278
40.2784 1.551826380794023
40.5223 1.5944013982064582
40.826 1.5247238124526838
41.0686 1.27538446372239
41.3101 1.0133964532790039
41.554 0.6504880598072528
41.7967 0.5251326650943389
42.0394 0.42839770047169745
42.2821 0.45192629062114253
42.5235 0.4980066320398337
42.765 0.5290609306205303
43.0077 0.5744090103880043
43.2504 0.6097869449583705
43.4919 0.6532568256144312
43.7083 0.7357615016742685
43.9509 0.7671798177640061
44.1936 0.7998288332760973
44.4351 0.8451021634615369
44.6778 0.9053422435105103
44.9193 0.93706471832439
45.162 0.9958764678615615
45.4034 1.0127737814735864
45.6449 1.0278898080627445
45.8876 0.8464974889928484
46.1315 0.6929536456190855
46.373 0.5573757584327472
46.6157 0.6176325971822334
46.8571 0.6651051699229459
47.0998 0.7243732829670314
47.3413 0.7558013294579004
47.584 0.8148080191594502
47.8255 0.8463810359059006
48.0682 0.9053422435105103
48.3096 0.937193648527788
48.5523 0.9960132640796687
48.7938 1.0278898080627445
49.0365 1.086410692212612
49.278 1.103318136091621
49.5195 1.1335460302311178
49.7621 1.1639340473651676
50.0036 1.209282127132642
50.2463 1.2676532451923188
50.4878 1.2997994479983495
50.7305 1.3580133652657636
50.9744 1.3859072912381714
51.217 1.4439861719605747
51.4585 1.4764950030855755
51.7012 1.5392932263049433
51.9451 1.5666778074866448
52.1878 1.6242620636550142
52.4293 1.6570630656108747
52.6719 1.7203865470467015
52.9134 1.768575110931472
53.1549 1.8441552438772828
53.3964 1.9226452692228044
53.6379 2.013478903989236
53.8806 2.1159525897647593
54.1233 2.2029994592089017
54.3683 2.3125950399808546
54.611 2.398761599344988
54.8537 2.488715159320401
55.0964 2.563326660356108
55.339 2.6686222792712964
55.5817 2.7285913192549205
55.8244 2.3876792945256873
56.0671 1.993970579455502
56.3098 1.6189431539091235
56.5513 1.569259888751548
56.7928 1.5869644423235678
57.0354 1.617414845039893
57.2769 1.6627629248073854
57.5196 1.7354776571085344
57.7623 1.8106844870210046
58.005 1.9131546302961715
58.2476 2.003814647044708
58.4903 2.0942123002948447
58.733 2.1846099535449817
58.9757 2.2746956627930817
59.2184 2.365080920917309
59.4611 2.455466179041536
59.7037 2.5462005665455294
59.9488 2.627948909069152
