1.0884 0.07065811914277838
1.09079 0.13533164408788614
1.29079 0.14376790702053346
1.53228 0.19202307362907697
1.77496 0.2880358690427639
2.01644 0.40810464246405737
2.25793 0.6045994703171216
2.49941 0.87811897092262
2.7421 1.3301188346976678
2.98478 2.0069797962021902
3.22626 3.002965904174232
3.56331 3.9808924760764124
3.73303 5.526513714223751
3.98641 4.728027809512143
4.00075 5.4104493396116435
4.22784 4.91299211519894
4.29477 6.043035288367068
4.56489 5.339678775327867
4.66767 5.162187489610669
4.77046 5.0374560535334485
4.92703 5.590944555712377
5.06448 5.223004461119521
5.16607 5.217768301005316
5.27005 5.26134738758086
5.45172 5.229959348437571
5.55451 5.2787235381665925
5.6573 5.304983818522698
5.76367 5.339678775327867
5.86885 5.344752816856573
5.96691 5.752324646298719
6.07089 5.9323535273432215
6.17135 5.55612945021226
6.27413 6.38839621393564
6.38415 6.126840471416221
6.47498 6.6813103339316635
6.74994 5.687086385827954
6.86952 5.857943058363559
6.99262 4.79624415761325
7.11221 4.966992376253868
7.2353 3.898287770989505
7.35601 4.052059031828001
7.47798 3.006203108662755
7.54371 3.7866734253924625
7.74816 3.1966402600502315
7.78639 3.7866734253924625
7.99084 3.221614012081874
8.02788 3.806191005423463
8.23352 3.2507628456811326
8.27773 3.8269852259532815
8.4762 3.2802110161137645
8.52041 3.848700588589102
8.72008 3.3257426013702
8.7631 3.870255258514452
8.96156 3.2707212067184406
9.00578 3.911282699417431
9.20424 3.2951295739327575
9.24726 3.944526516568195
9.44692 3.3439463083613914
9.49115 4.001036791986697
9.68602 3.3772836310882752
9.73384 4.055608045646634
9.9287 3.414031261138118
9.97652 4.110229029426387
10.1738 3.4780764192048865
10.218 4.151246364382105
10.4129 3.5118072861558254
10.4607 4.2057634763100245
10.6579 3.5760244185756003
10.7034 4.281255235675172
10.897 3.622256396404452
10.9449 4.342098364093942
11.1409 3.695557021329906
11.1875 4.410918563548783
11.3836 3.768978684005334
11.4302 4.48616352628152
11.6263 3.842400346680762
11.6741 4.547569207770506
11.869 3.9153859004343596
12.0889 3.3073704975283182
12.3316 2.770380453649182
12.5731 2.2211860905909746
12.8146 2.1159525897647593
13.0561 2.119451477883422
13.2988 2.1612944309740043
13.5402 2.1918238554278964
13.7817 2.222055908606212
14.0244 2.23717193519537
14.2671 2.2784446461681065
14.5086 2.30862272095179
14.7513 2.3538898331273135
14.9927 2.3732161744977955
15.2342 2.4034482276761113
15.4769 2.4336802808544227
15.7184 2.4790283606218964
15.9611 2.5349582818294163
16.2026 2.5844849489269577
16.4441 2.644940737205953
16.6879 2.716399811126384
16.9318 2.782681685549023
17.1757 2.8335371392262627
17.4184 2.3984343020876073
17.6611 1.9455423733142547
17.9061 1.4769778440725154
18.1476 1.4769778440725154
18.3879 1.4943318994831365
18.6294 1.5242185374727992
18.8721 1.5515726846822384
19.116 1.56373112799919
19.4052 1.3589311758798746
19.6479 1.1330437714858663
19.8906 0.9078455735125852
20.1333 0.7382475015427886
20.376 0.7532104843685712
20.6175 0.7393628322002459
20.8673 0.7172793117519055
21.11 0.5827894407984232
21.3527 0.4625822368421063
21.5954 0.37660524218428537
21.838 0.3917231640839266
22.0795 0.3923688616071441
22.3222 0.4225510817307706
22.5649 0.43758208436341084
22.8076 0.4611260493179436
23.0491 0.4828491965389382
23.2917 0.51309774210165
23.5344 0.52818885216346
23.7771 0.5493164062499988
23.9902 0.5966563795197942
24.2329 0.6280593468629413
24.4756 0.6594623142060884
24.7171 0.6640088427197819
24.9586 0.6801276181386702
25.2013 0.7103555122781666
25.4428 0.740583406417668
25.6842 0.7709173560470544
25.9269 0.8011494092253701
26.1684 0.8313814624036904
26.4099 0.8614949829756489
26.6526 0.8917228771151453
26.8941 0.93706471832439
27.1367 0.9960132640796687
27.3782 1.0278898080627386
27.6209 1.086559924450551
27.8624 1.1184320831613694
28.1051 1.1769449165636567
28.3466 1.2091157655798663
28.5892 1.267653245192306
28.8307 1.2999782866675806
29.0722 1.2697462334892744
29.3137 1.195976191091362
29.5552 1.1354204345804069
29.7979 1.148659977300873
30.0406 1.1920339539554985
30.282 1.2072888049450532
30.5235 1.2243981537218
30.7662 1.239514180310949
31.0089 1.282568178306549
31.2504 1.2976572156983965
31.4919 1.3149133950680978
31.7345 1.3302103398458964
31.9772 1.3732910156249982
32.2187 1.3883821256868147
32.4602 1.4055970774865878
32.7029 1.4207110245563361
32.9456 1.4636366270086558
33.187 1.4789287860577065
33.4297 1.5091110061813333
33.6736 1.551826380794023
33.9434 1.5518641707920813
34.1849 1.5806623094311067
34.4276 1.5951637985084564
34.6703 1.6360768030113342
34.9118 1.665033914569057
35.1545 1.6939910261267797
35.3971 1.723175229833919
35.6386 1.7519052492422444
35.8801 1.7836831565140012
36.1228 1.8126861346687004
36.3643 1.8416891128233777
36.607 1.8851935800554485
36.8484 1.9174868603728727
37.0911 1.9577010254421965
37.3338 1.9867040035968957
37.5753 2.030208470828944
37.818 2.0849120321560353
38.0595 2.11721740529304
38.3021 2.1720696174377148
38.5436 2.189724850679787
38.7851 2.218727828834486
39.0278 2.262232296066534
39.2693 2.294870232350614
39.512 2.3492412305306063
39.7534 2.3823321598572096
39.9961 2.4362501649947266
40.2376 2.4836886691895885
40.4791 2.541786649755427
40.7218 2.5998846303212653
40.9633 2.6579826108871036
41.2059 2.701913303252662
41.4474 2.734943971795546
41.6901 2.8032275623016996
41.9328 2.861325542867538
42.1743 2.9194235234333763
42.417 2.9775215039992147
42.6596 3.03602086225706
42.9023 3.1178201516301476
43.1462 2.6971545385747593
43.3877 2.770380453649178
43.3913 3.2762696852009774
43.6316 2.855810687902686
43.6352 3.3666851509298263
43.8731 2.928711262912352
43.8778 3.448043350333457
44.1145 3.0144668372306125
44.1229 3.537508860481046
44.3572 3.0998970714841114
44.3668 3.6316076831728434
44.5999 3.1853273057376104
44.6095 3.725872713909847
44.8414 3.2829618591701806
44.8545 3.8369015570431
45.0829 3.3683920934236706
45.0972 3.9160875145292495
45.3303 2.904627964618971
45.3411 3.366481387601398
45.5718 2.4286595166351823
45.5838 2.810488876301591
45.8133 1.94048674947234
45.8301 2.2489924513817603
46.0548 1.937784208350543
46.2963 1.937784208350543
46.539 1.9648131190672762
46.7817 2.006841973114959
47.0231 2.022208748282965
47.2646 2.040663589536314
47.5073 2.0708956427146537
47.7488 2.100838642695011
47.9903 2.1310665368345076
48.233 2.1612944309740136
48.4744 2.2069398820170507
48.7171 2.2636665092719723
48.9586 2.297636041552022
49.2013 2.35421316964285
49.4428 2.3880036370202293
49.6855 2.4444240574783698
49.927 2.4786873194387193
50.1696 2.5353064903846056
50.4111 2.584840546746022
50.6526 2.6453046531026536
50.8953 2.7205104725546927
51.138 2.79147191749073
51.3806 2.877658628462698
51.6257 2.9733364799753823
51.8696 3.0734132991607592
52.1135 3.182926945899063
52.3573 3.2917279224850984
52.6012 3.3998231630067353
52.8451 3.492421117322198
53.089 3.466416634499194
53.3329 3.3964692142331554
53.5779 3.336729469162124
53.8206 3.346015614609665
54.0621 3.3752384584053825
54.3048 3.3694129007899525
54.5475 3.398585306857398
54.7913 3.422758994266217
55.0328 3.451888858047206
55.2755 3.4754896384844436
55.5182 3.5045732337855684
55.7621 3.5275868583179344
56.0036 3.5566204950119094
56.245 3.586127985826645
56.4877 3.6151654593960916
56.7304 3.644202932965514
56.9731 3.6674244829463154
57.2158 3.6814344904353593
57.474 3.6360698125404207
57.7131 3.5619012206588048
57.9546 3.4621679864803583
58.1973 3.362434752301912
58.4388 3.376682357184547
58.6802 2.870508391426079
58.9098 2.9290366029771135
59.1513 2.953445241335256
59.3927 2.9656495605143274
59.6342 2.99005819887247
59.6366 3.5402477845916094
59.8781 3.0022625180515323
