0.945717 0.04646771973010953
1.18959 0.12049269495096837
1.39079 0.1437679070205335
1.63228 0.19202307362907697
1.87496 0.2880358690427639
2.11644 0.40810464246405737
2.35793 0.6045994703171216
2.59941 0.87811897092262
2.8421 1.3301188346976713
3.10037 1.9649045783241872
3.39479 2.744616665045136
3.75932 3.4602992020539265
3.83581 3.982066693873549
4.10234 3.850661824241855
4.11191 4.771876566154346
4.39636 3.730460514270188
4.46449 4.6736457199742985
4.76329 4.352850879013276
4.93898 3.401302233599288
5.04058 3.7109787330970163
5.10273 4.412179969879497
5.32981 3.7548426091346983
5.39913 4.418456267215401
5.62981 3.815797846295976
5.83538 3.8503914811858286
5.94062 3.5887076893804677
6.07806 3.4191705877393472
6.32314 2.915471107551749
6.56582 2.1170620154661006
6.60167 2.4478320078373437
6.83957 2.123669492584571
6.84435 2.46214681490072
7.08225 2.123669492584571
7.08704 2.469805826035815
7.32494 2.1358507619478813
7.32972 2.4841651622336975
7.56762 2.1480556234447263
7.5724 2.49852449843158
7.8103 2.1724894809198476
7.81627 2.5337538641575517
8.05178 2.184694478003666
8.05896 2.5480356572809737
8.29447 2.196875069432106
8.30164 2.56235046434435
8.53715 2.2090799309289513
8.54432 2.5766652714077263
8.77983 2.2335144663389426
8.787 2.6155541999492606
9.02251 2.2335144663389435
9.264 2.257899376916332
9.27117 2.6482393067246126
9.50668 2.257899376916332
9.51386 2.6482048015283635
9.74818 1.91614196832266
9.75535 2.247395426161896
9.99086 1.574322196935193
9.99803 1.8322714302466425
10.2347 1.2082410206456395
10.2419 1.4171474343313966
10.4547 1.2805807367017241
10.6974 1.2956108587589987
10.9389 1.2976572156983923
11.1815 1.3129265753777473
11.4254 1.3258322476686755
11.6693 1.3665334327159624
11.9108 1.383820081462212
12.1523 1.4032804774412846
12.395 1.420711024556338
12.6376 1.4638376759958773
12.8791 1.4789287860576923
13.1206 1.4964866323266375
13.3633 1.5113947069748261
13.606 1.5541708513597021
13.8475 1.5692598887515439
14.0889 1.5871827918615806
14.3316 1.6022988184507385
14.5743 1.6449309967376373
14.8158 1.6597941131025944
15.0585 1.6597941131025928
15.3024 1.6419988559234864
15.5857 1.5672365370898735
15.8284 1.310779649202439
16.071 1.0561032492205753
16.3137 0.8286451547929223
16.5564 0.8437114303346118
16.7979 0.8451021634615401
17.0406 0.8751641687268217
17.2833 0.8902532061186634
17.5259 0.9077190081956298
17.7674 0.9356488238324192
18.0101 0.9658310439560424
18.2528 0.980787430469714
18.4955 1.0002280258401373
18.737 1.026054542645245
18.9796 1.0563777043269214
19.2223 1.0714688143887345
19.465 1.0903812785005358
19.7065 1.1165887669962955
19.9492 1.1467668417799732
20.1918 1.1620154747596136
20.4345 1.1825972147470392
20.676 1.2072888049450565
20.9187 1.2374710250686796
21.1614 1.2523901035228655
21.4041 1.2752385190309061
21.6455 1.2978354653159356
21.8882 1.3129265753777455
22.1297 1.3150943132567385
22.362 1.330027342137853
22.6047 1.3776919761042232
22.8461 1.37555841961337
23.0876 1.4057904727916974
23.3303 1.4209064993808438
23.573 1.4638376759958773
23.8145 1.4787256644004976
24.056 1.4962807599050778
24.2987 1.5113947069748261
24.5413 1.5543843363667598
24.7828 1.5694754464285696
25.0243 1.5871827918615806
25.267 1.6020783893933161
25.5097 1.6447050757107569
25.7512 1.6597941131025928
25.9926 1.677878951396528
26.2353 1.6929949779857016
26.478 1.7354776571085146
26.7195 1.7503283374536434
26.961 1.7532178600908064
27.2025 1.756116938817697
27.4451 1.7836911375206332
27.6878 1.826024317479397
27.9293 1.841115427541207
28.1708 1.8590154895790378
28.4135 1.8741294366487862
28.6562 1.9163077487639084
28.8976 1.931662087912086
29.1391 1.9348514034122122
29.3806 1.922910242385606
29.6221 1.604727547540309
29.8636 1.2716708867300464
30.1051 0.9386142259198027
30.3466 0.9386142259198027
30.5893 0.9672926124638864
30.8328 1.009855925881467
31.0743 1.0249284023871605
31.317 1.040000878892854
31.5596 1.0563777043269247
31.8035 1.0980311515950163
32.045 1.114904390085022
32.2877 1.129815726552857
32.5304 1.1467668417799732
32.7742 1.1882802873425486
33.0181 1.2013480727173305
33.2596 1.2033218099671468
33.5035 1.203321809967138
33.7462 1.235265194364457
33.9888 1.278529423090093
34.2303 1.2978354653159323
34.4718 1.3150943132567352
34.7145 1.330210339845893
34.9572 1.3731024026576053
35.1987 1.3881914400494355
35.4413 1.4034732357486246
35.684 1.4185643458104529
35.9267 1.461428727543886
36.1694 1.476495003085563
36.4133 1.4889068916837798
36.656 1.5039463552361412
36.8986 1.5492768303326905
37.1401 1.569475446428587
37.3828 1.5845665564903828
37.6267 1.5968062268613714
37.8694 1.6393015272073939
38.112 1.6545674887048152
38.3547 1.6572903095858493
38.5962 1.6600221067994487
38.8389 1.6899721878862706
39.0816 1.7352393000617958
39.3255 1.7445777720739237
39.5681 1.7598581470769399
39.812 1.771988407258059
40.0547 1.8200242375753057
40.2986 1.8318054274292688
40.5424 1.8470726618028916
40.7863 1.8590402394923686
41.029 1.8921232145297913
41.2717 1.5791436729979482
41.5168 1.2441877942079391
41.7606 0.9295201197461813
42.0033 0.9295201197461739
42.2484 0.9445123797420875
42.4923 0.9593737208350387
42.7361 1.002839215769751
42.9788 1.021145861809732
43.2239 1.049458199713431
43.4678 1.0643052215513797
43.7104 1.109427239697056
43.9543 1.1112469672635312
44.1982 1.1412806690814643
44.4421 1.1544040196847642
44.6848 1.1972568451164618
44.9298 1.1993807996724934
45.1725 1.2313817745352635
45.4152 1.24639862544423
45.6579 1.2681122903652968
45.9006 1.295522033113955
46.142 1.2978354653159323
46.3847 1.3280176854395587
46.6274 1.3431087955013719
46.8701 1.373104452520039
47.1116 1.3881914400494355
47.3543 1.418369514833119
47.5969 1.433655455872251
47.8396 1.462853473165765
48.0811 1.4789287860576905
48.3238 1.508903739184181
48.5665 1.5239927765760228
48.8091 1.5425188070815112
49.0686 1.4726981400804213
49.3112 1.2077743749162095
49.5539 0.92792421487465
49.8026 0.6724493547674114
50.0453 0.5379594838139291
50.2513 0.42460758570712925
50.4939 0.3490241425992804
50.7366 0.36488887635378936
50.9793 0.3917231640839282
51.2208 0.39231497218788736
51.4623 0.40807657088320215
51.705 0.4231905179529504
51.9476 0.46782441191620744
52.19 0.4823192481821951
52.4338 0.4815924657534265
52.6789 0.4799488054607495
52.9216 0.5097368398608093
53.1643 0.5555475476629794
53.4058 0.5733834208899893
53.6485 0.603561495673673
53.8923 0.6177172972092718
54.135 0.6618269954819315
54.3765 0.6629161238343406
54.6192 0.6940957200247242
54.8631 0.7080178553064569
55.1057 0.7520761312294676
55.3472 0.7533137770844782
55.5887 0.7558013294578932
55.8314 0.7556973534874113
56.0741 0.7846299443757669
56.3168 0.8285315328054284
56.5606 0.8423252669769961
56.8033 0.8724083122261745
57.046 0.8874498348507718
57.2887 0.9339810006170284
57.5302 0.935520318294194
57.7729 0.9656983930778777
58.0155 0.9809221540178555
58.2582 1.021145861809732
58.4997 1.0261954842033043
58.7424 1.056232617428917
58.9851 1.0713216548207587
59.2277 1.1135300386933307
59.4692 1.116742144574174
59.7107 1.1337019941868405
59.9534 1.1488180207759984
