0.220056 0
0.460163 0
0.46155 1440
0.703036 1440
0.704231 1440
0.945717 1440
0.946912 1440
0.948108 1440
1.1884 1440
1.18959 1440
1.19079 1440
1.38959 1440
1.39079 1440
1.43108 1440
1.43228 1440
1.43347 1440
1.63108 1440
1.63228 1440
1.63347 1440
1.67257 1440
1.67376 1440
1.67496 1440
1.67615 1440
1.67735 1440
1.67854 1440
1.87376 1440
1.87496 1440
1.87615 1440
1.91405 1440
1.91525 1440
1.91644 1440
1.91764 1440
1.91883 1440
1.92003 1440
1.92122 1440
1.92242 1440
1.92361 1440
2.11525 1440
2.11644 1440
2.11764 1440
2.11883 1440
2.12003 1440
2.12122 1440
2.15673 1440
2.15793 1440
2.15912 1440
2.16032 1440
2.16151 1440
2.16271 1440
2.1639 1440
2.1651 1440
2.16629 1440
2.16749 1440
2.16869 1440
2.16988 1440
2.35673 1440
2.35793 1440
2.35912 1440
2.36032 1440
2.36151 1440
2.36271 1440
2.3639 1440
2.3651 1440
2.36629 1440
2.39822 1440
2.39941 1440
2.40061 1440
2.4018 1440
2.403 1440
2.4042 1440
2.40539 1440
2.40659 1440
2.40778 1440
2.40898 1440
2.41017 1440
2.41137 1440
2.41256 1440
2.41376 1440
2.41495 1440
2.41615 1440
2.41734 1440
2.41854 1440
2.59822 1440
2.59941 1440
2.60061 1440
2.6018 1440
2.603 1440
2.6042 1440
2.60539 1440
2.60659 1440
2.60778 1440
2.60898 1440
2.61017 1440
2.61137 1440
2.61256 1440
2.61376 1440
2.61495 1440
2.6409 1440
2.6421 1440
2.64329 1440
2.64449 1440
2.64568 1440
2.64688 1440
2.64807 1440
2.64927 1440
2.65046 1440
2.65166 1440
2.65285 1440
2.65405 1440
2.65524 1440
2.65644 1440
2.65763 1440
2.65883 1440
2.66002 1440
2.66122 1440
2.66241 1440
2.66361 1440
2.6648 1440
2.666 1440
2.66719 1440
2.66839 1440
2.66959 1440
2.67078 1440
2.67198 1440
2.8409 1440
2.8421 1440
2.84329 1440
2.84449 1440
2.84568 1440
2.84688 1440
2.84807 1440
2.84927 1440
2.85046 1440
2.85166 1440
2.85285 1440
2.85405 1440
2.85524 1440
2.85644 1440
2.85763 1440
2.85883 1440
2.86002 1440
2.86122 1440
2.86241 1440
2.86361 1440
2.8648 1440
2.88239 1440
2.88358 1440
2.88478 1440
2.88597 1440
2.88717 1440
2.88836 1440
2.88956 1440
2.89075 1440
2.89195 1440
2.89314 1440
2.89434 1440
2.89553 1440
2.89673 1440
2.89792 1440
2.89912 1440
2.90031 1440
2.90151 1440
2.90271 1440
2.9039 1440
2.9051 1440
2.90629 1440
2.90749 1440
2.90868 1440
2.90988 1440
2.91107 1440
2.91227 1440
2.91346 1440
2.91466 1440
2.91585 1440
2.91705 1440
2.91824 1440
2.91944 1440
2.92063 1440
2.92183 1440
2.92302 1440
2.92422 1440
2.92541 1440
2.92661 1440
2.9278 1440
2.929 1440
2.93019 1440
2.93139 1440
3.09917 1440
3.10037 1440
3.10156 1440
3.10276 1440
3.10395 1440
3.10515 1440
3.10634 1440
3.10754 1440
3.10873 1440
3.10993 1440
3.11112 1440
3.11232 1440
3.11351 1440
3.11471 1440
3.1159 1440
3.1171 1440
3.11829 1440
3.11949 1440
3.12068 1440
3.12188 1440
3.12307 1440
3.12427 1440
3.12546 1440
3.12666 1440
3.12786 1440
3.12905 1440
3.13025 1440
3.13144 1440
3.13264 1440
3.13383 1440
3.13503 1440
3.13622 1440
3.13742 1440
3.13861 1440
3.13981 1440
3.141 1440
3.1422 1440
3.14339 1440
3.14459 1440
3.14578 1440
3.14698 1440
3.14817 1440
3.14937 1440
3.15056 1440
3.15176 1440
3.15295 1440
3.15415 1440
3.15534 1440
3.15654 1440
3.15774 1440
3.15893 1440
3.16013 1440
3.16132 1440
3.16252 1440
3.16371 1440
3.16491 1440
3.1661 1440
3.1673 1440
3.16849 1440
3.16969 1440
3.17088 1440
3.17208 1440
3.17327 1440
3.17447 1440
3.17566 1440
3.17686 1440
3.17805 1440
3.17925 1440
3.18044 1440
3.18164 1440
3.18283 1440
3.18403 1440
3.18522 1440
3.18642 1440
3.18762 1440
3.18881 1440
3.19001 1440
3.1912 1440
3.1924 1440
3.19359 1440
3.19479 1440
3.19598 1440
3.19718 1440
3.19837 1440
3.19957 1440
3.20076 1440
3.20196 1440
3.20315 1440
3.20435 1440
3.20554 1440
3.20674 1440
3.20793 1440
3.20913 1440
3.39359 1440
3.39479 1440
3.39598 1440
3.39718 1440
3.39837 1440
3.39957 1440
3.40076 1440
3.40196 1440
3.40315 1440
3.40435 1440
3.40554 1440
3.40674 1440
3.40793 1440
3.40913 1440
3.41032 1440
3.41152 1440
3.41271 1440
3.41391 1440
3.4151 1440
3.4163 1440
3.41749 1440
3.41869 1440
3.41989 1440
3.42108 1440
3.42228 1440
3.42347 1440
3.42467 1440
3.42586 1440
3.42706 1440
3.42825 1440
3.42945 1440
3.43064 1440
3.43184 1440
3.43303 1440
3.43423 1440
3.43542 1440
3.43662 1440
3.43781 1440
3.43901 1440
3.4402 1440
3.4414 1440
3.44259 1440
3.44379 1440
3.44498 1440
3.44618 1440
3.44737 1440
3.44857 1440
3.44977 1440
3.45096 1440
3.45216 1440
3.45335 1440
3.45455 1440
3.45574 1440
3.45694 1440
3.45813 1440
3.45933 1440
3.46052 1440
3.46172 1440
3.46291 1440
3.46411 1440
3.4653 1440
3.4665 1440
3.46769 1440
3.46889 1440
3.47008 1440
3.47128 1440
3.47247 1440
3.47367 1440
3.47486 1440
3.47606 1440
3.47725 1440
3.47845 1440
3.47965 1440
3.48084 1440
3.48204 1440
3.48323 1440
3.48443 1440
3.48562 1440
3.48682 1440
3.48801 1440
3.48921 1440
3.4904 1440
3.4916 1440
3.49279 1440
3.49399 1440
3.49518 1440
3.49638 1440
3.49757 1440
3.49877 1440
3.49996 1440
3.50116 1440
3.50235 1440
3.50355 1440
3.50474 1440
3.50594 1440
3.50713 1440
3.50833 1440
3.50953 1440
3.51072 1440
3.51192 1440
3.51311 1440
3.51431 1440
3.5155 1440
3.5167 1440
3.51789 1440
3.51909 1440
3.52028 1440
3.52148 1440
3.52267 1440
3.52387 1440
3.52506 1440
3.52626 1440
3.52745 1440
3.52865 1440
3.52984 1440
3.53104 1440
3.53223 1440
3.53343 1440
3.53462 1440
3.53582 1440
3.53701 1440
3.53821 1440
3.53941 1440
3.5406 1440
3.5418 1440
3.54299 1440
3.54419 1440
3.54538 1440
3.54658 1440
3.54777 1440
3.54897 1440
3.55016 1440
3.55136 1440
3.55255 1440
3.55375 1440
3.55494 1440
3.55614 1440
3.55733 1440
3.55853 1440
3.55972 1440
3.56092 1440
3.75693 1440
3.75932 1440
3.76171 1440
3.7641 1440
3.76649 1440
3.76888 1440
3.77127 1440
3.77366 1440
3.77605 1440
3.77845 1440
3.78084 1440
3.78323 1440
3.78562 1440
3.78801 1440
3.7904 1440
3.79279 1440
3.79518 1440
3.79757 1440
3.79996 1440
3.80235 1440
3.80474 1440
3.80713 1440
3.80952 1440
3.81191 1440
3.8143 1440
3.81669 1440
3.81908 1440
3.82147 1440
3.82386 1440
3.82625 1440
3.82864 1440
3.83103 1440
3.83342 1440
3.83581 1440
3.83821 1440
3.8406 1440
3.84299 1440
3.84538 1440
3.84777 1440
3.85016 1440
3.85255 1440
3.85494 1440
3.85733 1440
3.85972 1440
3.86211 1440
3.8645 1440
3.86689 1440
3.86809 1440
3.86928 1440
3.87048 1440
3.87167 1440
3.87287 1440
3.87406 1440
3.87526 1440
3.87645 1440
3.87765 1440
3.87884 1440
3.88004 1440
3.88123 1440
3.88243 1440
3.88362 1440
3.88482 1440
3.88601 1440
3.88721 1440
3.8884 1440
3.8896 1440
3.89079 1440
3.89199 1440
3.89318 1440
3.89438 1440
3.89557 1440
3.89677 1440
3.89796 1440
3.89916 1440
3.90036 1440
3.90155 1440
3.90275 1440
3.90394 1440
3.90514 1440
3.90633 1440
3.90753 1440
3.90872 1440
3.90992 1440
3.91111 1440
3.91231 1440
3.9135 1440
3.9147 1440
3.91589 1440
3.91709 1440
3.91828 1440
3.91948 1440
3.92067 1440
3.92187 1440
3.92306 1440
3.92784 1440
3.93024 1440
3.93263 1440
3.93502 1440
3.93741 1440
3.9398 1440
3.94219 1440
3.94458 1440
3.94697 1440
3.94936 1440
3.95175 1440
3.95414 1440
3.95653 1440
3.95892 1440
3.96131 1440
3.9637 1440
3.96609 1440
3.96848 1440
3.97087 1440
3.97326 1440
3.97565 1440
3.97804 1440
3.98043 1440
3.98282 1440
3.98521 1440
3.9876 1440
3.99 1440
3.99239 1440
3.99478 1440
3.99717 1440
3.99956 1440
4.00195 1440
4.00434 1440
4.00673 1440
4.00912 1440
4.01151 1440
4.0139 1440
4.01629 1440
4.01868 1440
4.02107 1440
4.02346 1440
4.02585 1440
4.02824 1440
4.03063 1440
4.03302 1440
4.03541 1440
4.0378 1440
4.04019 1440
4.04258 1440
4.04497 1440
4.04736 1440
4.04976 1440
4.05215 1440
4.05454 1440
4.05693 1440
4.05932 1440
4.06171 1440
4.0641 1440
4.06649 1440
4.06888 1440
4.07127 1440
4.07366 1440
4.07605 1440
4.07844 1440
4.08083 1440
4.08322 1440
4.08561 1440
4.088 1440
4.09039 1440
4.09278 1440
4.09517 1440
4.09756 1440
4.09995 1440
4.10234 1440
4.10473 1440
4.10712 1440
4.10952 1440
4.11191 1440
4.1143 1440
4.11669 1440
4.11908 1440
4.12147 1440
4.12386 1440
4.12625 1440
4.12864 1440
4.13103 1440
4.13342 1440
4.13581 1440
4.1382 1440
4.14059 1440
4.14298 1440
4.14537 1440
4.14776 1440
4.14896 1440
4.15135 1440
4.15374 1440
4.15613 1440
4.15852 1440
4.16091 1440
4.1633 1440
4.16569 1440
4.16808 1440
4.17047 1440
4.17286 1440
4.17525 1440
4.17764 1440
4.18003 1440
4.18242 1440
4.18481 1440
4.1872 1440
4.18959 1440
4.19198 1440
4.19437 1440
4.19676 1440
4.19916 1440
4.32585 1440
4.32824 1440
4.33063 1440
4.33302 1440
4.33421 1440
4.33541 1440
4.3378 1440
4.34019 1440
4.34258 1440
4.34497 1440
4.34736 1440
4.34975 1440
4.35214 1440
4.35453 1440
4.35692 1440
4.35931 1440
4.3617 1440
4.36409 1440
4.36648 1440
4.36887 1440
4.37126 1440
4.37365 1440
4.37604 1440
4.37843 1440
4.38083 1440
4.38322 1440
4.38561 1440
4.388 1440
4.39039 1440
4.39278 1440
4.39517 1440
4.39756 1440
4.39995 1440
4.40234 1440
4.40473 1440
4.40712 1440
4.40951 1440
4.4119 1440
4.41429 1440
4.41668 1440
4.41907 1440
4.42146 1440
4.42385 1440
4.42624 1440
4.42863 1440
4.43102 1440
4.43341 1440
4.4358 1440
4.43819 1440
4.44059 1440
4.44298 1440
4.44537 1440
4.44776 1440
4.45015 1440
4.45254 1440
4.45493 1440
4.45732 1440
4.45971 1440
4.4621 1440
4.46449 1440
4.46688 1440
4.46927 1440
4.47166 1440
4.47405 1440
4.47644 1440
4.47883 1440
4.48122 1440
4.48361 1440
4.486 1440
4.48839 1440
4.49078 1440
4.49317 1440
4.49556 1440
4.49795 1440
4.50035 1440
4.50274 1440
4.50513 1440
4.50752 1440
4.50991 1440
4.5123 1440
4.51469 1440
4.51708 1440
4.51947 1440
4.52186 1440
4.52425 1440
4.52664 1440
4.52903 1440
4.53142 1440
4.53381 1440
4.5362 1440
4.53859 1440
4.54098 1440
4.54337 1440
4.54576 1440
4.54815 1440
4.55054 1440
4.55293 1440
4.55532 1440
4.55771 1440
4.56011 1440
4.5625 1440
4.56489 1440
4.56728 1440
4.57206 1440
4.68919 1440
4.69038 1440
4.69277 1440
4.69755 1440
4.69994 1440
4.70233 1440
4.70472 1440
4.70711 1440
4.70951 1440
4.7119 1440
4.71429 1440
4.71668 1440
4.71907 1440
4.72146 1440
4.72385 1440
4.72624 1440
4.72863 1440
4.73102 1440
4.73341 1440
4.7358 1440
4.73819 1440
4.74058 1440
4.74297 1440
4.74536 1440
4.74775 1440
4.75253 1440
4.75492 1440
4.75731 1440
4.7597 1440
4.76209 1440
4.76448 1440
4.76687 1440
4.76927 1440
4.77166 1440
4.77405 1440
4.77644 1440
4.77883 1440
4.78122 1440
4.78361 1440
4.786 1440
4.78839 1440
4.79078 1440
4.79317 1440
4.79556 1440
4.79795 1440
4.80034 1440
4.80273 1440
4.80512 1440
4.8099 1440
4.81229 1440
4.81468 1440
4.81707 1440
4.81946 1440
4.82185 1440
4.82424 1440
4.82663 1440
4.82903 1440
4.83142 1440
4.83381 1440
4.8362 1440
4.83859 1440
4.84098 1440
4.84337 1440
4.84576 1440
4.84815 1440
4.85054 1440
4.85293 1440
4.85532 1440
4.85771 1440
4.8601 1440
4.86488 1440
4.86727 1440
4.86966 1440
4.87205 1440
4.87444 1440
4.87683 1440
4.87922 1440
4.88161 1440
4.884 1440
4.88639 1440
4.88878 1440
4.89118 1440
4.89357 1440
4.89596 1440
4.89835 1440
4.90074 1440
4.90313 1440
4.90552 1440
4.90791 1440
4.9103 1440
4.91269 1440
4.91508 1440
4.91747 1440
5.11468 1440
5.11587 1440
5.11707 1440
5.11826 1440
5.11946 1440
5.12065 1440
5.12185 1440
5.12304 1440
5.12424 1440
5.12543 1440
5.12663 1440
5.12902 1440
5.13022 1440
5.13141 1440
5.13261 1440
5.1338 1440
5.135 1440
5.13619 1440
5.13739 1440
5.13858 1440
5.13978 1440
5.14097 1440
5.14217 1440
5.14336 1440
5.14575 1440
5.14695 1440
5.14814 1440
5.14934 1440
5.15053 1440
5.15173 1440
5.15292 1440
5.15412 1440
5.15531 1440
5.15651 1440
5.1577 1440
5.1589 1440
5.16129 1440
5.16249 1440
5.16488 1440
5.16727 1440
5.17085 1440
5.17324 1440
5.17563 1440
5.17802 1440
5.18041 1440
5.1828 1440
5.184 1440
5.18639 1440
5.18878 1440
5.19237 1440
5.19715 1440
5.41706 1440
5.41826 1440
5.41945 1440
5.42065 1440
5.42304 1440
5.42423 1440
5.42543 1440
5.42662 1440
5.42782 1440
5.42901 1440
5.43021 1440
5.43141 1440
5.4326 1440
5.4338 1440
5.43499 1440
5.43619 1440
5.43738 1440
5.43858 1440
5.43977 1440
5.44097 1440
5.44216 1440
5.44336 1440
5.44455 1440
5.44575 1440
5.44694 1440
5.44814 1440
5.44933 1440
5.45053 1440
5.45172 1440
5.45292 1440
5.45411 1440
5.45531 1440
5.4565 1440
5.4577 1440
5.45889 1440
5.46009 1440
5.46129 1440
5.46248 1440
5.46607 1440
5.46965 1440
5.47563 1440
5.47921 1440
5.4828 1440
5.48519 1440
5.48758 1440
5.48997 1440
5.49236 1440
5.49356 1440
5.49953 1440
5.50073 1440
5.69793 1440
5.71825 1440
5.71945 1440
5.72064 1440
5.72184 1440
5.72303 1440
5.72423 1440
5.72542 1440
5.72662 1440
5.72781 1440
5.72901 1440
5.73021 1440
5.7314 1440
5.7326 1440
5.73379 1440
5.73499 1440
5.73618 1440
5.73738 1440
5.73857 1440
5.73977 1440
5.74096 1440
5.74216 1440
5.74335 1440
5.74455 1440
5.74574 1440
5.74694 1440
5.74813 1440
5.74933 1440
5.75052 1440
5.75172 1440
5.75291 1440
5.75411 1440
5.7553 1440
5.7565 1440
5.75769 1440
5.75889 1440
5.76009 1440
5.76128 1440
5.76248 1440
5.76487 1440
5.76606 1440
5.77084 1440
5.77204 1440
5.77682 1440
5.77801 1440
5.7816 1440
5.78279 1440
5.78399 1440
5.78518 1440
5.78638 1440
5.79236 1440
5.79355 1440
6.00271 1440
6.00391 1440
6.0051 1440
6.0063 1440
6.00749 1440
6.00869 1440
6.00988 1440
6.01108 1440
6.01227 1440
6.01347 1440
6.01466 1440
6.01586 1440
6.01705 1440
6.01825 1440
6.01944 1440
6.02064 1440
6.02183 1440
6.02303 1440
6.02422 1440
6.02542 1440
6.02661 1440
6.02781 1440
6.029 1440
6.0302 1440
6.0314 1440
6.03259 1440
6.03379 1440
6.03498 1440
6.03618 1440
6.03737 1440
6.03857 1440
6.03976 1440
6.04096 1440
6.04215 1440
6.04335 1440
6.04454 1440
6.04574 1440
6.04693 1440
6.04813 1440
6.04932 1440
6.0553 1440
6.05649 1440
6.06008 1440
6.06128 1440
6.06486 1440
6.06606 1440
6.06725 1440
6.06845 1440
6.06964 1440
6.07084 1440
6.07681 1440
6.07801 1440
6.28717 1440
6.28836 1440
6.28956 1440
6.29075 1440
6.29195 1440
6.29314 1440
6.29434 1440
6.29553 1440
6.29673 1440
6.29792 1440
6.29912 1440
6.30031 1440
6.30151 1440
6.30271 1440
6.3039 1440
6.3051 1440
6.30629 1440
6.30749 1440
6.30868 1440
6.30988 1440
6.31107 1440
6.31227 1440
6.31346 1440
6.31466 1440
6.31585 1440
6.31705 1440
6.31824 1440
6.31944 1440
6.32063 1440
6.32183 1440
6.32302 1440
6.32422 1440
6.32541 1440
6.32661 1440
6.3278 1440
6.329 1440
6.33019 1440
6.33139 1440
6.33259 1440
6.33378 1440
6.33976 1440
6.34095 1440
6.34454 1440
6.34573 1440
6.34932 1440
6.35051 1440
6.35171 1440
6.3529 1440
6.3541 1440
6.35529 1440
6.36127 1440
6.36247 1440
6.36366 1440
6.52985 1440
6.53104 1440
6.53224 1440
6.53343 1440
6.53463 1440
6.53583 1440
6.53702 1440
6.53822 1440
6.53941 1440
6.54061 1440
6.5418 1440
6.543 1440
6.54419 1440
6.54539 1440
6.54658 1440
6.54778 1440
6.54897 1440
6.55017 1440
6.55136 1440
6.55256 1440
6.55375 1440
6.55495 1440
6.55614 1440
6.55734 1440
6.55853 1440
6.55973 1440
6.56092 1440
6.56212 1440
6.56331 1440
6.56451 1440
6.56571 1440
6.5669 1440
6.5681 1440
6.56929 1440
6.57049 1440
6.57168 1440
6.57288 1440
6.57407 1440
6.57527 1440
6.57646 1440
6.58244 1440
6.58363 1440
6.58722 1440
6.58841 1440
6.592 1440
6.59319 1440
6.59439 1440
6.59559 1440
6.59678 1440
6.59798 1440
6.60395 1440
6.60515 1440
6.77486 1440
6.77606 1440
6.77726 1440
6.77845 1440
6.77965 1440
6.78084 1440
6.78204 1440
6.78323 1440
6.78443 1440
6.78562 1440
6.78682 1440
6.78801 1440
6.78921 1440
6.7904 1440
6.7916 1440
6.79279 1440
6.79399 1440
6.79518 1440
6.79638 1440
6.79757 1440
6.79877 1440
6.79996 1440
6.80116 1440
6.80235 1440
6.80355 1440
6.80474 1440
6.80594 1440
6.80714 1440
6.80833 1440
6.80953 1440
6.81072 1440
6.81192 1440
6.81311 1440
6.81431 1440
6.8155 1440
6.8167 1440
6.81789 1440
6.81909 1440
6.82028 1440
6.82148 1440
6.82745 1440
6.82865 1440
6.83223 1440
6.83343 1440
6.83702 1440
6.83821 1440
6.83941 1440
6.8406 1440
6.8418 1440
6.84299 1440
6.85016 1440
6.85136 1440
7.02705 1440
7.02825 1440
7.02944 1440
7.03064 1440
7.03183 1440
7.03303 1440
7.03422 1440
7.03542 1440
7.03661 1440
7.03781 1440
7.039 1440
7.0402 1440
7.04139 1440
7.04259 1440
7.04378 1440
7.04498 1440
7.04618 1440
7.04737 1440
7.04857 1440
7.04976 1440
7.05096 1440
7.05215 1440
7.05335 1440
7.05454 1440
7.05574 1440
7.05693 1440
7.05813 1440
7.05932 1440
7.06052 1440
7.06171 1440
7.06291 1440
7.0641 1440
7.0653 1440
7.06649 1440
7.06769 1440
7.06888 1440
7.07008 1440
7.07127 1440
7.07247 1440
7.07366 1440
7.07486 1440
7.08084 1440
7.08203 1440
7.08562 1440
7.08681 1440
7.0904 1440
7.09159 1440
7.09279 1440
7.09398 1440
7.09518 1440
7.09637 1440
7.10593 1440
7.10713 1440
7.2888 1440
7.29 1440
7.29119 1440
7.29239 1440
7.29358 1440
7.29478 1440
7.29597 1440
7.29717 1440
7.29836 1440
7.29956 1440
7.30075 1440
7.30195 1440
7.30314 1440
7.30434 1440
7.30553 1440
7.30673 1440
7.30792 1440
7.30912 1440
7.31031 1440
7.31151 1440
7.3127 1440
7.3139 1440
7.31509 1440
7.31629 1440
7.31749 1440
7.31868 1440
7.31988 1440
7.32107 1440
7.32227 1440
7.32346 1440
7.32466 1440
7.32585 1440
7.32705 1440
7.32824 1440
7.32944 1440
7.33063 1440
7.33183 1440
7.33302 1440
7.33422 1440
7.33541 1440
7.33661 1440
7.3378 1440
7.34378 1440
7.34497 1440
7.34856 1440
7.34976 1440
7.35095 1440
7.35215 1440
7.35334 1440
7.35454 1440
7.35573 1440
7.35693 1440
7.3629 1440
7.3641 1440
7.53148 1440
7.53268 1440
7.53387 1440
7.53507 1440
7.53626 1440
7.53746 1440
7.53865 1440
7.53985 1440
7.54104 1440
7.54224 1440
7.54343 1440
7.54463 1440
7.54582 1440
7.54702 1440
7.54821 1440
7.54941 1440
7.5506 1440
7.5518 1440
7.553 1440
7.55419 1440
7.55539 1440
7.55658 1440
7.55778 1440
7.55897 1440
7.56017 1440
7.56136 1440
7.56256 1440
7.56375 1440
7.56495 1440
7.56614 1440
7.56734 1440
7.56853 1440
7.56973 1440
7.57092 1440
7.57212 1440
7.57331 1440
7.57451 1440
7.5757 1440
7.5769 1440
7.57809 1440
7.57929 1440
7.58048 1440
7.58168 1440
7.58766 1440
7.58885 1440
7.59244 1440
7.59363 1440
7.59483 1440
7.59602 1440
7.59722 1440
7.59841 1440
7.59961 1440
7.6008 1440
7.60678 1440
7.60797 1440
7.77416 1440
7.77536 1440
7.77655 1440
7.77775 1440
7.77894 1440
7.78014 1440
7.78133 1440
7.78253 1440
7.78372 1440
7.78492 1440
7.78611 1440
7.78731 1440
7.78851 1440
7.7897 1440
7.7909 1440
7.79209 1440
7.79329 1440
7.79448 1440
7.79568 1440
7.79687 1440
7.79807 1440
7.79926 1440
7.80046 1440
7.80165 1440
7.80285 1440
7.80404 1440
7.80524 1440
7.80643 1440
7.80763 1440
7.80882 1440
7.81002 1440
7.81121 1440
7.81241 1440
7.8136 1440
7.8148 1440
7.81599 1440
7.81719 1440
7.81839 1440
7.81958 1440
7.82078 1440
7.82197 1440
7.82317 1440
7.83034 1440
7.83153 1440
7.83512 1440
7.83631 1440
7.83751 1440
7.8387 1440
7.8399 1440
7.84109 1440
7.84229 1440
7.84348 1440
7.84946 1440
7.85066 1440
8.01685 1440
8.01805 1440
8.01924 1440
8.02044 1440
8.02163 1440
8.02283 1440
8.02402 1440
8.02522 1440
8.02641 1440
8.02761 1440
8.0288 1440
8.03 1440
8.03119 1440
8.03239 1440
8.03358 1440
8.03478 1440
8.03598 1440
8.03717 1440
8.03837 1440
8.03956 1440
8.04076 1440
8.04195 1440
8.04315 1440
8.04434 1440
8.04554 1440
8.04673 1440
8.04793 1440
8.04912 1440
8.05032 1440
8.05151 1440
8.05271 1440
8.0539 1440
8.0551 1440
8.05629 1440
8.05749 1440
8.05868 1440
8.05988 1440
8.06107 1440
8.06227 1440
8.06346 1440
8.06466 1440
8.06586 1440
8.06705 1440
8.07303 1440
8.07422 1440
8.07781 1440
8.079 1440
8.0802 1440
8.08139 1440
8.08259 1440
8.08378 1440
8.08498 1440
8.08617 1440
8.09215 1440
8.09334 1440
8.25953 1440
8.26073 1440
8.26192 1440
8.26312 1440
8.26431 1440
8.26551 1440
8.2667 1440
8.2679 1440
8.26909 1440
8.27029 1440
8.27149 1440
8.27268 1440
8.27388 1440
8.27507 1440
8.27627 1440
8.27746 1440
8.27866 1440
8.27985 1440
8.28105 1440
8.28224 1440
8.28344 1440
8.28463 1440
8.28583 1440
8.28702 1440
8.28822 1440
8.28941 1440
8.29061 1440
8.2918 1440
8.293 1440
8.29419 1440
8.29539 1440
8.29658 1440
8.29778 1440
8.29897 1440
8.30017 1440
8.30137 1440
8.30256 1440
8.30376 1440
8.30495 1440
8.30615 1440
8.30734 1440
8.30854 1440
8.30973 1440
8.31093 1440
8.3169 1440
8.3181 1440
8.32168 1440
8.32288 1440
8.32407 1440
8.32527 1440
8.32646 1440
8.32766 1440
8.32885 1440
8.33005 1440
8.33603 1440
8.33722 1440
8.50221 1440
8.50341 1440
8.5046 1440
8.5058 1440
8.507 1440
8.50819 1440
8.50939 1440
8.51058 1440
8.51178 1440
8.51297 1440
8.51417 1440
8.51536 1440
8.51656 1440
8.51775 1440
8.51895 1440
8.52014 1440
8.52134 1440
8.52253 1440
8.52373 1440
8.52492 1440
8.52612 1440
8.52731 1440
8.52851 1440
8.5297 1440
8.5309 1440
8.53209 1440
8.53329 1440
8.53448 1440
8.53568 1440
8.53688 1440
8.53807 1440
8.53927 1440
8.54046 1440
8.54166 1440
8.54285 1440
8.54405 1440
8.54524 1440
8.54644 1440
8.54763 1440
8.54883 1440
8.55002 1440
8.55122 1440
8.55241 1440
8.55361 1440
8.5548 1440
8.56078 1440
8.56197 1440
8.56556 1440
8.56676 1440
8.56795 1440
8.56915 1440
8.57034 1440
8.57154 1440
8.57273 1440
8.57393 1440
8.5799 1440
8.5811 1440
8.74968 1440
8.75088 1440
8.75207 1440
8.75327 1440
8.75447 1440
8.75566 1440
8.75686 1440
8.75805 1440
8.75925 1440
8.76044 1440
8.76164 1440
8.76283 1440
8.76403 1440
8.76522 1440
8.76642 1440
8.76761 1440
8.76881 1440
8.77 1440
8.7712 1440
8.77239 1440
8.77359 1440
8.77478 1440
8.77598 1440
8.77717 1440
8.77837 1440
8.77956 1440
8.78076 1440
8.78195 1440
8.78315 1440
8.78435 1440
8.78554 1440
8.78674 1440
8.78793 1440
8.78913 1440
8.79032 1440
8.79152 1440
8.79271 1440
8.79391 1440
8.7951 1440
8.7963 1440
8.79749 1440
8.79869 1440
8.79988 1440
8.80108 1440
8.80705 1440
8.80825 1440
8.81183 1440
8.81303 1440
8.81422 1440
8.81542 1440
8.81662 1440
8.81781 1440
8.81901 1440
8.8202 1440
8.82618 1440
8.82737 1440
8.99715 1440
8.99834 1440
8.99954 1440
9.00073 1440
9.00193 1440
9.00312 1440
9.00432 1440
9.00551 1440
9.00671 1440
9.0079 1440
9.0091 1440
9.01029 1440
9.01149 1440
9.01268 1440
9.01388 1440
9.01507 1440
9.01627 1440
9.01746 1440
9.01866 1440
9.01986 1440
9.02105 1440
9.02225 1440
9.02344 1440
9.02464 1440
9.02583 1440
9.02703 1440
9.02822 1440
9.02942 1440
9.03061 1440
9.03181 1440
9.033 1440
9.0342 1440
9.03539 1440
9.03659 1440
9.03778 1440
9.03898 1440
9.04017 1440
9.04137 1440
9.04256 1440
9.04376 1440
9.04495 1440
9.04615 1440
9.04734 1440
9.04854 1440
9.04974 1440
9.05571 1440
9.05691 1440
9.06049 1440
9.06169 1440
9.06288 1440
9.06408 1440
9.06527 1440
9.06647 1440
9.06766 1440
9.06886 1440
9.07483 1440
9.07603 1440
9.24222 1440
9.24341 1440
9.24461 1440
9.2458 1440
9.247 1440
9.24819 1440
9.24939 1440
9.25058 1440
9.25178 1440
9.25297 1440
9.25417 1440
9.25537 1440
9.25656 1440
9.25776 1440
9.25895 1440
9.26015 1440
9.26134 1440
9.26254 1440
9.26373 1440
9.26493 1440
9.26612 1440
9.26732 1440
9.26851 1440
9.26971 1440
9.2709 1440
9.2721 1440
9.27329 1440
9.27449 1440
9.27568 1440
9.27688 1440
9.27807 1440
9.27927 1440
9.28046 1440
9.28166 1440
9.28285 1440
9.28405 1440
9.28525 1440
9.28644 1440
9.28764 1440
9.28883 1440
9.29003 1440
9.29122 1440
9.29242 1440
9.29361 1440
9.29481 1440
9.296 1440
9.30317 1440
9.30437 1440
9.30795 1440
9.30915 1440
9.31034 1440
9.31154 1440
9.31273 1440
9.31393 1440
9.31513 1440
9.31632 1440
9.3223 1440
9.32349 1440
9.48609 1440
9.48729 1440
9.48848 1440
9.48968 1440
9.49088 1440
9.49207 1440
9.49327 1440
9.49446 1440
9.49566 1440
9.49685 1440
9.49805 1440
9.49924 1440
9.50044 1440
9.50163 1440
9.50283 1440
9.50402 1440
9.50522 1440
9.50641 1440
9.50761 1440
9.5088 1440
9.51 1440
9.51119 1440
9.51239 1440
9.51358 1440
9.51478 1440
9.51597 1440
9.51717 1440
9.51836 1440
9.51956 1440
9.52076 1440
9.52195 1440
9.52315 1440
9.52434 1440
9.52554 1440
9.52673 1440
9.52793 1440
9.52912 1440
9.53032 1440
9.53151 1440
9.53271 1440
9.5339 1440
9.5351 1440
9.53629 1440
9.53749 1440
9.53868 1440
9.53988 1440
9.54107 1440
9.54944 1440
9.55064 1440
9.55422 1440
9.55542 1440
9.55661 1440
9.55781 1440
9.559 1440
9.5602 1440
9.56139 1440
9.56259 1440
9.56976 1440
9.57095 1440
9.72997 1440
9.73117 1440
9.73236 1440
9.73356 1440
9.73475 1440
9.73595 1440
9.73714 1440
9.73834 1440
9.73953 1440
9.74073 1440
9.74192 1440
9.74312 1440
9.74431 1440
9.74551 1440
9.7467 1440
9.7479 1440
9.74909 1440
9.75029 1440
9.75148 1440
9.75268 1440
9.75387 1440
9.75507 1440
9.75627 1440
9.75746 1440
9.75866 1440
9.75985 1440
9.76105 1440
9.76224 1440
9.76344 1440
9.76463 1440
9.76583 1440
9.76702 1440
9.76822 1440
9.76941 1440
9.77061 1440
9.7718 1440
9.773 1440
9.77419 1440
9.77539 1440
9.77658 1440
9.77778 1440
9.77897 1440
9.78017 1440
9.78136 1440
9.78256 1440
9.78375 1440
9.79212 1440
9.79332 1440
9.7969 1440
9.7981 1440
9.79929 1440
9.80049 1440
9.80168 1440
9.80288 1440
9.80407 1440
9.80527 1440
9.81124 1440
9.81244 1440
9.97146 1440
9.97266 1440
9.97386 1440
9.97505 1440
9.97625 1440
9.97744 1440
9.97864 1440
9.97983 1440
9.98103 1440
9.98222 1440
9.98342 1440
9.98461 1440
9.98581 1440
9.987 1440
9.9882 1440
9.98939 1440
9.99059 1440
9.99178 1440
9.99298 1440
9.99417 1440
9.99537 1440
9.99656 1440
9.99776 1440
9.99895 1440
10.0001 1440
10.0013 1440
10.0025 1440
10.0037 1440
10.0049 1440
10.0061 1440
10.0073 1440
10.0085 1440
10.0097 1440
10.0109 1440
10.0121 1440
10.0133 1440
10.0145 1440
10.0157 1440
10.0169 1440
10.0181 1440
10.0193 1440
10.0205 1440
10.0217 1440
10.0229 1440
10.0241 1440
10.0252 1440
10.0264 1440
10.0348 1440
10.036 1440
10.0396 1440
10.0408 1440
10.042 1440
10.0432 1440
10.0444 1440
10.0456 1440
10.0468 1440
10.048 1440
10.0539 1440
10.0551 1440
10.213 1440
10.2141 1440
10.2153 1440
10.2165 1440
10.2177 1440
10.2189 1440
10.2201 1440
10.2213 1440
10.2225 1440
10.2237 1440
10.2249 1440
10.2261 1440
10.2273 1440
10.2285 1440
10.2297 1440
10.2309 1440
10.2321 1440
10.2333 1440
10.2345 1440
10.2357 1440
10.2369 1440
10.238 1440
10.2392 1440
10.2404 1440
10.2416 1440
10.2428 1440
10.244 1440
10.2452 1440
10.2464 1440
10.2476 1440
10.2488 1440
10.25 1440
10.2512 1440
10.2524 1440
10.2536 1440
10.2548 1440
10.256 1440
10.2572 1440
10.2584 1440
10.2596 1440
10.2608 1440
10.262 1440
10.2631 1440
10.2643 1440
10.2655 1440
10.2667 1440
10.2679 1440
10.2691 1440
10.2775 1440
10.2787 1440
10.2823 1440
10.2835 1440
10.2847 1440
10.2859 1440
10.2871 1440
10.2882 1440
10.2894 1440
10.2906 1440
10.2966 1440
10.2978 1440
10.4556 1440
10.4568 1440
10.458 1440
10.4592 1440
10.4604 1440
10.4616 1440
10.4628 1440
10.464 1440
10.4652 1440
10.4664 1440
10.4676 1440
10.4688 1440
10.47 1440
10.4712 1440
10.4724 1440
10.4736 1440
10.4748 1440
10.476 1440
10.4771 1440
10.4783 1440
10.4795 1440
10.4807 1440
10.4819 1440
10.4831 1440
10.4843 1440
10.4855 1440
10.4867 1440
10.4879 1440
10.4891 1440
10.4903 1440
10.4915 1440
10.4927 1440
10.4939 1440
10.4951 1440
10.4963 1440
10.4975 1440
10.4987 1440
10.4999 1440
10.501 1440
10.5022 1440
10.5034 1440
10.5046 1440
10.5058 1440
10.507 1440
10.5082 1440
10.5094 1440
10.5106 1440
10.5118 1440
10.513 1440
10.5214 1440
10.5226 1440
10.5261 1440
10.5273 1440
10.5285 1440
10.5297 1440
10.5309 1440
10.5321 1440
10.5333 1440
10.5345 1440
10.5417 1440
10.5429 1440
10.6983 1440
10.6995 1440
10.7007 1440
10.7019 1440
10.7031 1440
10.7043 1440
10.7055 1440
10.7067 1440
10.7079 1440
10.7091 1440
10.7103 1440
10.7115 1440
10.7127 1440
10.7139 1440
10.715 1440
10.7162 1440
10.7174 1440
10.7186 1440
10.7198 1440
10.721 1440
10.7222 1440
10.7234 1440
10.7246 1440
10.7258 1440
10.727 1440
10.7282 1440
10.7294 1440
10.7306 1440
10.7318 1440
10.733 1440
10.7342 1440
10.7354 1440
10.7366 1440
10.7378 1440
10.739 1440
10.7401 1440
10.7437 1440
10.7449 1440
10.7461 1440
10.7473 1440
10.7485 1440
10.7497 1440
10.7509 1440
10.7521 1440
10.7533 1440
10.7545 1440
10.7557 1440
10.7569 1440
10.7652 1440
10.7664 1440
10.77 1440
10.7712 1440
10.7724 1440
10.7736 1440
10.7748 1440
10.776 1440
10.7772 1440
10.7784 1440
10.7844 1440
10.7856 1440
10.9398 1440
10.941 1440
10.9422 1440
10.9434 1440
10.9446 1440
10.9458 1440
10.947 1440
10.9482 1440
10.9494 1440
10.9506 1440
10.9518 1440
10.953 1440
10.9541 1440
10.9553 1440
10.9565 1440
10.9577 1440
10.9589 1440
10.9601 1440
10.9613 1440
10.9625 1440
10.9637 1440
10.9649 1440
10.9661 1440
10.9673 1440
10.9685 1440
10.9697 1440
10.9709 1440
10.9721 1440
10.9733 1440
10.9745 1440
10.9757 1440
10.9769 1440
10.9781 1440
10.9792 1440
10.9804 1440
10.9816 1440
10.9852 1440
10.9864 1440
10.9876 1440
10.9888 1440
10.99 1440
10.9912 1440
10.9924 1440
10.9936 1440
10.9948 1440
10.996 1440
10.9972 1440
10.9984 1440
11.0067 1440
11.0079 1440
11.0115 1440
11.0127 1440
11.0139 1440
11.0151 1440
11.0163 1440
11.0175 1440
11.0187 1440
11.0199 1440
11.0211 1440
11.0271 1440
11.0283 1440
11.1837 1440
11.1849 1440
11.1861 1440
11.1873 1440
11.1885 1440
11.1897 1440
11.1909 1440
11.192 1440
11.1932 1440
11.1944 1440
11.1956 1440
11.1968 1440
11.198 1440
11.1992 1440
11.2004 1440
11.2016 1440
11.2028 1440
11.204 1440
11.2052 1440
11.2064 1440
11.2076 1440
11.2088 1440
11.21 1440
11.2112 1440
11.2124 1440
11.2136 1440
11.2148 1440
11.216 1440
11.2171 1440
11.2183 1440
11.2195 1440
11.2207 1440
11.2219 1440
11.2231 1440
11.2243 1440
11.2255 1440
11.2267 1440
11.2279 1440
11.2291 1440
11.2303 1440
11.2315 1440
11.2327 1440
11.2339 1440
11.2351 1440
11.2363 1440
11.2375 1440
11.2387 1440
11.2399 1440
11.2494 1440
11.2506 1440
11.2542 1440
11.2554 1440
11.2566 1440
11.2578 1440
11.259 1440
11.2602 1440
11.2614 1440
11.2626 1440
11.2638 1440
11.265 1440
11.2709 1440
11.2721 1440
11.4264 1440
11.4276 1440
11.4288 1440
11.43 1440
11.4311 1440
11.4323 1440
11.4335 1440
11.4347 1440
11.4359 1440
11.4371 1440
11.4383 1440
11.4395 1440
11.4407 1440
11.4419 1440
11.4431 1440
11.4443 1440
11.4455 1440
11.4467 1440
11.4479 1440
11.4491 1440
11.4503 1440
11.4515 1440
11.4527 1440
11.4539 1440
11.455 1440
11.4562 1440
11.4574 1440
11.4586 1440
11.4598 1440
11.461 1440
11.4622 1440
11.4634 1440
11.4646 1440
11.4658 1440
11.467 1440
11.4682 1440
11.4694 1440
11.4706 1440
11.4718 1440
11.473 1440
11.4742 1440
11.4754 1440
11.4766 1440
11.4778 1440
11.479 1440
11.4801 1440
11.4813 1440
11.4825 1440
11.4921 1440
11.4933 1440
11.4969 1440
11.4981 1440
11.4993 1440
11.5005 1440
11.5017 1440
11.5029 1440
11.5041 1440
11.5052 1440
11.5064 1440
11.5076 1440
11.5088 1440
11.5148 1440
11.516 1440
11.6702 1440
11.6714 1440
11.6726 1440
11.6738 1440
11.675 1440
11.6762 1440
11.6774 1440
11.6786 1440
11.6798 1440
11.681 1440
11.6822 1440
11.6834 1440
11.6846 1440
11.6858 1440
11.687 1440
11.6882 1440
11.6894 1440
11.6906 1440
11.6918 1440
11.693 1440
11.6941 1440
11.6953 1440
11.6965 1440
11.6977 1440
11.6989 1440
11.7001 1440
11.7013 1440
11.7025 1440
11.7037 1440
11.7049 1440
11.7061 1440
11.7073 1440
11.7085 1440
11.7097 1440
11.7109 1440
11.7121 1440
11.7133 1440
11.7145 1440
11.7157 1440
11.7169 1440
11.718 1440
11.7192 1440
11.7204 1440
11.7216 1440
11.7228 1440
11.724 1440
11.7252 1440
11.7264 1440
11.736 1440
11.7372 1440
11.7408 1440
11.742 1440
11.7431 1440
11.7443 1440
11.7455 1440
11.7467 1440
11.7479 1440
11.7491 1440
11.7503 1440
11.7515 1440
11.7575 1440
11.7587 1440
11.9129 1440
11.9141 1440
11.9153 1440
11.9165 1440
11.9177 1440
11.9189 1440
11.9201 1440
11.9213 1440
11.9225 1440
11.9237 1440
11.9249 1440
11.9261 1440
11.9273 1440
11.9285 1440
11.9297 1440
11.9309 1440
11.932 1440
11.9332 1440
11.9344 1440
11.9356 1440
11.9368 1440
11.938 1440
11.9392 1440
11.9404 1440
11.9416 1440
11.9428 1440
11.944 1440
11.9452 1440
11.9464 1440
11.9476 1440
11.9488 1440
11.95 1440
11.9512 1440
11.9524 1440
11.9536 1440
11.9548 1440
11.9559 1440
11.9571 1440
11.9583 1440
11.9595 1440
11.9607 1440
11.9619 1440
11.9631 1440
11.9643 1440
11.9655 1440
11.9667 1440
11.9679 1440
11.9691 1440
11.9799 1440
11.981 1440
11.9846 1440
11.9858 1440
11.987 1440
11.9882 1440
11.9894 1440
11.9906 1440
11.9918 1440
11.993 1440
11.9942 1440
11.9954 1440
12.0014 1440
12.0026 1440
12.1568 1440
12.158 1440
12.1592 1440
12.1604 1440
12.1616 1440
12.1628 1440
12.164 1440
12.1652 1440
12.1664 1440
12.1676 1440
12.1688 1440
12.1699 1440
12.1711 1440
12.1723 1440
12.1735 1440
12.1747 1440
12.1759 1440
12.1771 1440
12.1783 1440
12.1795 1440
12.1807 1440
12.1819 1440
12.1831 1440
12.1843 1440
12.1855 1440
12.1867 1440
12.1879 1440
12.1891 1440
12.1903 1440
12.1915 1440
12.1927 1440
12.1939 1440
12.195 1440
12.1962 1440
12.1974 1440
12.1986 1440
12.1998 1440
12.201 1440
12.2022 1440
12.2034 1440
12.2046 1440
12.2058 1440
12.207 1440
12.2082 1440
12.2094 1440
12.2106 1440
12.2118 1440
12.213 1440
12.2142 1440
12.2249 1440
12.2261 1440
12.2297 1440
12.2309 1440
12.2321 1440
12.2333 1440
12.2345 1440
12.2357 1440
12.2369 1440
12.2381 1440
12.2393 1440
12.2405 1440
12.2464 1440
12.2476 1440
12.3995 1440
12.4007 1440
12.4019 1440
12.4031 1440
12.4043 1440
12.4055 1440
12.4067 1440
12.4078 1440
12.409 1440
12.4102 1440
12.4114 1440
12.4126 1440
12.4138 1440
12.415 1440
12.4162 1440
12.4174 1440
12.4186 1440
12.4198 1440
12.421 1440
12.4222 1440
12.4234 1440
12.4246 1440
12.4258 1440
12.427 1440
12.4282 1440
12.4294 1440
12.4306 1440
12.4318 1440
12.4329 1440
12.4341 1440
12.4353 1440
12.4365 1440
12.4377 1440
12.4389 1440
12.4401 1440
12.4413 1440
12.4425 1440
12.4437 1440
12.4449 1440
12.4461 1440
12.4473 1440
12.4485 1440
12.4497 1440
12.4509 1440
12.4521 1440
12.4533 1440
12.4545 1440
12.4557 1440
12.4568 1440
12.458 1440
12.4688 1440
12.47 1440
12.4736 1440
12.4748 1440
12.476 1440
12.4772 1440
12.4796 1440
12.4808 1440
12.4819 1440
12.4831 1440
12.4843 1440
12.4903 1440
12.4915 1440
12.6422 1440
12.6434 1440
12.6446 1440
12.6457 1440
12.6469 1440
12.6481 1440
12.6493 1440
12.6505 1440
12.6517 1440
12.6529 1440
12.6541 1440
12.6553 1440
12.6565 1440
12.6577 1440
12.6589 1440
12.6601 1440
12.6613 1440
12.6625 1440
12.6637 1440
12.6649 1440
12.6661 1440
12.6673 1440
12.6685 1440
12.6697 1440
12.6708 1440
12.672 1440
12.6732 1440
12.6744 1440
12.6756 1440
12.6768 1440
12.678 1440
12.6792 1440
12.6804 1440
12.6816 1440
12.6828 1440
12.684 1440
12.6852 1440
12.6864 1440
12.6876 1440
12.6888 1440
12.69 1440
12.6912 1440
12.6924 1440
12.6936 1440
12.6948 1440
12.6959 1440
12.6971 1440
12.6983 1440
12.6995 1440
12.7007 1440
12.7019 1440
12.7127 1440
12.7139 1440
12.7175 1440
12.7187 1440
12.7198 1440
12.721 1440
12.7222 1440
12.7234 1440
12.7246 1440
12.9183 1440
12.9195 1440
12.9207 1440
12.9219 1440
12.9231 1440
12.9243 1440
12.9255 1440
12.9267 1440
12.9279 1440
12.9291 1440
12.9303 1440
12.9315 1440
12.9327 1440
12.9339 1440
12.935 1440
12.9362 1440
12.9374 1440
12.9386 1440
12.9398 1440
12.941 1440
12.9422 1440
12.9434 1440
12.9542 1440
12.9554 1440
12.959 1440
12.9601 1440
12.9613 1440
12.9625 1440
12.9637 1440
12.9649 1440
12.9661 1440
13.161 1440
13.1622 1440
13.1634 1440
13.1646 1440
13.1658 1440
13.167 1440
13.1682 1440
13.1694 1440
13.1706 1440
13.1718 1440
13.1729 1440
13.1741 1440
13.1753 1440
13.1765 1440
13.1777 1440
13.1789 1440
13.1801 1440
13.1813 1440
13.1825 1440
13.1837 1440
13.1849 1440
13.1861 1440
13.1969 1440
13.198 1440
13.2016 1440
13.2028 1440
13.204 1440
13.2052 1440
13.2064 1440
13.2076 1440
13.4025 1440
13.4037 1440
13.4049 1440
13.4061 1440
13.4073 1440
13.4085 1440
13.4097 1440
13.4108 1440
13.412 1440
13.4132 1440
13.4144 1440
13.4156 1440
13.4168 1440
13.418 1440
13.4192 1440
13.4204 1440
13.4216 1440
13.4228 1440
13.424 1440
13.4252 1440
13.4264 1440
13.4276 1440
13.4288 1440
13.4383 1440
13.4395 1440
13.4431 1440
13.4443 1440
13.4455 1440
13.4467 1440
13.4479 1440
13.4491 1440
13.644 1440
13.6452 1440
13.6464 1440
13.6476 1440
13.6488 1440
13.6499 1440
13.6511 1440
13.6523 1440
13.6535 1440
13.6547 1440
13.6559 1440
13.6571 1440
13.6583 1440
13.6595 1440
13.6607 1440
13.6619 1440
13.6631 1440
13.6643 1440
13.6655 1440
13.6667 1440
13.6679 1440
13.6691 1440
13.6703 1440
13.6715 1440
13.681 1440
13.6822 1440
13.6858 1440
13.687 1440
13.6882 1440
13.6894 1440
13.6906 1440
13.6918 1440
13.8867 1440
13.8878 1440
13.889 1440
13.8902 1440
13.8914 1440
13.8926 1440
13.8938 1440
13.895 1440
13.8962 1440
13.8974 1440
13.8986 1440
13.8998 1440
13.901 1440
13.9022 1440
13.9034 1440
13.9046 1440
13.9058 1440
13.907 1440
13.9082 1440
13.9094 1440
13.9106 1440
13.9118 1440
13.9129 1440
13.9141 1440
13.9153 1440
13.9237 1440
13.9249 1440
13.9285 1440
13.9297 1440
13.9309 1440
13.9321 1440
13.9345 1440
14.1293 1440
14.1305 1440
14.1317 1440
14.1329 1440
14.1341 1440
14.1353 1440
14.1365 1440
14.1377 1440
14.1389 1440
14.1401 1440
14.1413 1440
14.1425 1440
14.1437 1440
14.1449 1440
14.1461 1440
14.1473 1440
14.1485 1440
14.1497 1440
14.1508 1440
14.152 1440
14.1532 1440
14.1544 1440
14.1556 1440
14.1568 1440
14.1652 1440
14.1664 1440
14.17 1440
14.1712 1440
14.1724 1440
14.1736 1440
14.176 1440
14.1771 1440
14.3708 1440
14.372 1440
14.3935 1440
14.3947 1440
14.3959 1440
14.3971 1440
14.3983 1440
14.4067 1440
14.4079 1440
14.4115 1440
14.4127 1440
14.4139 1440
14.415 1440
14.4174 1440
14.4186 1440
14.6123 1440
14.6135 1440
14.6362 1440
14.6374 1440
14.6386 1440
14.6398 1440
14.6482 1440
14.6494 1440
14.6529 1440
14.6541 1440
14.6553 1440
14.6565 1440
14.6589 1440
14.6601 1440
14.8538 1440
14.855 1440
14.8777 1440
14.8789 1440
14.8801 1440
14.8813 1440
14.8825 1440
14.8897 1440
14.8908 1440
14.8944 1440
14.8956 1440
14.8968 1440
14.898 1440
14.9004 1440
14.9016 1440
15.0953 1440
15.0965 1440
15.1192 1440
15.1204 1440
15.1216 1440
15.1228 1440
15.124 1440
15.1252 1440
15.1323 1440
15.1335 1440
15.1371 1440
15.1383 1440
15.1395 1440
15.1407 1440
15.1431 1440
15.1443 1440
15.338 1440
15.3392 1440
15.3619 1440
15.3631 1440
15.3643 1440
15.3655 1440
15.3667 1440
15.3678 1440
15.369 1440
15.375 1440
15.3762 1440
15.3798 1440
15.381 1440
15.3822 1440
15.3834 1440
15.3858 1440
15.387 1440
15.5807 1440
15.5818 1440
15.6046 1440
15.6057 1440
15.6069 1440
15.6081 1440
15.6093 1440
15.6105 1440
15.6165 1440
15.6177 1440
15.6213 1440
15.6225 1440
15.6237 1440
15.6249 1440
15.6273 1440
15.6285 1440
15.8221 1440
15.8233 1440
15.846 1440
15.8472 1440
15.8484 1440
15.8496 1440
15.8508 1440
15.852 1440
15.858 1440
15.8592 1440
15.8628 1440
15.864 1440
15.8652 1440
15.8664 1440
15.8676 1440
15.8688 1440
15.8699 1440
16.0636 1440
16.0648 1440
16.0875 1440
16.0887 1440
16.0899 1440
16.0911 1440
16.0923 1440
16.0935 1440
16.0995 1440
16.1007 1440
16.1043 1440
16.1055 1440
16.1066 1440
16.1078 1440
16.109 1440
16.1102 1440
16.1114 1440
16.1126 1440
16.3063 1440
16.3075 1440
16.3302 1440
16.3314 1440
16.3326 1440
16.3338 1440
16.335 1440
16.3362 1440
16.3422 1440
16.3434 1440
16.3469 1440
16.3481 1440
16.3493 1440
16.3505 1440
16.3517 1440
16.3529 1440
16.3541 1440
16.3553 1440
16.3565 1440
16.549 1440
16.5502 1440
16.5729 1440
16.5741 1440
16.5753 1440
16.5765 1440
16.5777 1440
16.5789 1440
16.5848 1440
16.586 1440
16.5896 1440
16.5908 1440
16.592 1440
16.5932 1440
16.5944 1440
16.5956 1440
16.5968 1440
16.598 1440
16.7905 1440
16.7917 1440
16.8144 1440
16.8156 1440
16.8168 1440
16.818 1440
16.8192 1440
16.8203 1440
16.8263 1440
16.8275 1440
16.8311 1440
16.8323 1440
16.8335 1440
16.8347 1440
16.8359 1440
16.8371 1440
16.8383 1440
16.8395 1440
16.8407 1440
17.032 1440
17.0332 1440
17.0559 1440
17.0571 1440
17.0582 1440
17.0594 1440
17.0606 1440
17.0618 1440
17.0678 1440
17.069 1440
17.0726 1440
17.0738 1440
17.075 1440
17.0762 1440
17.0774 1440
17.0786 1440
17.0798 1440
17.081 1440
17.0822 1440
17.0833 1440
17.2746 1440
17.2758 1440
17.2985 1440
17.2997 1440
17.3009 1440
17.3021 1440
17.3033 1440
17.3045 1440
17.3105 1440
17.3117 1440
17.3153 1440
17.3165 1440
17.3177 1440
17.3189 1440
17.3201 1440
17.3212 1440
17.3224 1440
17.3236 1440
17.3248 1440
17.326 1440
17.3272 1440
17.5173 1440
17.5185 1440
17.5412 1440
17.5424 1440
17.5436 1440
17.5448 1440
17.546 1440
17.5472 1440
17.5532 1440
17.5544 1440
17.558 1440
17.5591 1440
17.5603 1440
17.5615 1440
17.5627 1440
17.5639 1440
17.5651 1440
17.5663 1440
17.5675 1440
17.5687 1440
17.7588 1440
17.76 1440
17.7827 1440
17.7839 1440
17.7851 1440
17.7863 1440
17.7875 1440
17.7887 1440
17.7947 1440
17.7959 1440
17.7994 1440
17.8006 1440
17.8018 1440
17.803 1440
17.8042 1440
17.8054 1440
17.8066 1440
17.8078 1440
17.809 1440
17.8102 1440
18.0003 1440
18.0015 1440
18.0242 1440
18.0254 1440
18.0266 1440
18.0278 1440
18.029 1440
18.0302 1440
18.0314 1440
18.0361 1440
18.0373 1440
18.0409 1440
18.0421 1440
18.0433 1440
18.0445 1440
18.0457 1440
18.0469 1440
18.0481 1440
18.0493 1440
18.0505 1440
18.0517 1440
18.2418 1440
18.243 1440
18.2657 1440
18.2669 1440
18.2681 1440
18.2693 1440
18.2705 1440
18.2717 1440
18.2728 1440
18.274 1440
18.2788 1440
18.28 1440
18.2836 1440
18.2848 1440
18.286 1440
18.2872 1440
18.2884 1440
18.2896 1440
18.2908 1440
18.292 1440
18.2932 1440
18.2944 1440
18.4845 1440
18.4857 1440
18.5084 1440
18.5096 1440
18.5107 1440
18.5119 1440
18.5131 1440
18.5143 1440
18.5155 1440
18.5167 1440
18.5179 1440
18.5215 1440
18.5227 1440
18.5263 1440
18.5275 1440
18.5287 1440
18.5299 1440
18.5311 1440
18.5323 1440
18.5335 1440
18.5347 1440
18.5358 1440
18.537 1440
18.7271 1440
18.7283 1440
18.751 1440
18.7522 1440
18.7534 1440
18.7546 1440
18.7558 1440
18.757 1440
18.7582 1440
18.7594 1440
18.763 1440
18.7642 1440
18.7678 1440
18.769 1440
18.7702 1440
18.7714 1440
18.7726 1440
18.7737 1440
18.7749 1440
18.7761 1440
18.7773 1440
18.7785 1440
18.9686 1440
18.9698 1440
18.9925 1440
18.9937 1440
18.9949 1440
18.9961 1440
18.9973 1440
18.9985 1440
18.9997 1440
19.0009 1440
19.0021 1440
19.0045 1440
19.0057 1440
19.0093 1440
19.0105 1440
19.0117 1440
19.0128 1440
19.014 1440
19.0152 1440
19.0164 1440
19.0176 1440
19.0188 1440
19.02 1440
19.2101 1440
19.2113 1440
19.234 1440
19.2352 1440
19.2364 1440
19.2376 1440
19.2388 1440
19.24 1440
19.2412 1440
19.2424 1440
19.2436 1440
19.2448 1440
19.2472 1440
19.2484 1440
19.2519 1440
19.2531 1440
19.2543 1440
19.2555 1440
19.2567 1440
19.2579 1440
19.2591 1440
19.2603 1440
19.2615 1440
19.2627 1440
19.4528 1440
19.454 1440
19.4767 1440
19.4779 1440
19.4791 1440
19.4803 1440
19.4815 1440
19.4827 1440
19.4839 1440
19.4851 1440
19.4863 1440
19.4875 1440
19.4898 1440
19.491 1440
19.4922 1440
19.4946 1440
19.4958 1440
19.497 1440
19.4982 1440
19.4994 1440
19.5006 1440
19.5018 1440
19.503 1440
19.5042 1440
19.5054 1440
19.6955 1440
19.6967 1440
19.7194 1440
19.7206 1440
19.7218 1440
19.723 1440
19.7242 1440
19.7254 1440
19.7265 1440
19.7277 1440
19.7289 1440
19.7301 1440
19.7325 1440
19.7337 1440
19.7361 1440
19.7373 1440
19.7385 1440
19.7397 1440
19.7409 1440
19.7421 1440
19.7433 1440
19.7445 1440
19.7457 1440
19.7469 1440
19.937 1440
19.9382 1440
19.9609 1440
19.9621 1440
19.9633 1440
19.9644 1440
19.9656 1440
19.9668 1440
19.968 1440
19.9692 1440
19.9704 1440
19.9716 1440
19.974 1440
19.9752 1440
19.9776 1440
19.9788 1440
19.98 1440
19.9812 1440
19.9824 1440
19.9836 1440
19.9848 1440
19.986 1440
19.9872 1440
19.9884 1440
19.9895 1440
20.1785 1440
20.1796 1440
20.2023 1440
20.2035 1440
20.2047 1440
20.2059 1440
20.2071 1440
20.2083 1440
20.2095 1440
20.2107 1440
20.2119 1440
20.2131 1440
20.2155 1440
20.2167 1440
20.2191 1440
20.2203 1440
20.2215 1440
20.2227 1440
20.2239 1440
20.2251 1440
20.2263 1440
20.2274 1440
20.2286 1440
20.2298 1440
20.231 1440
20.2322 1440
20.4211 1440
20.4223 1440
20.445 1440
20.4462 1440
20.4474 1440
20.4486 1440
20.4498 1440
20.451 1440
20.4522 1440
20.4534 1440
20.4546 1440
20.4558 1440
20.4582 1440
20.4594 1440
20.4618 1440
20.463 1440
20.4642 1440
20.4653 1440
20.4665 1440
20.4677 1440
20.4689 1440
20.4701 1440
20.4713 1440
20.4725 1440
20.4737 1440
20.4749 1440
20.4761 1440
20.6638 1440
20.665 1440
20.6877 1440
20.6889 1440
20.6901 1440
20.6913 1440
20.6925 1440
20.6949 1440
20.6961 1440
20.6973 1440
20.6985 1440
20.7009 1440
20.7021 1440
20.7044 1440
20.7056 1440
20.7068 1440
20.708 1440
20.7092 1440
20.7104 1440
20.7116 1440
20.7128 1440
20.714 1440
20.7152 1440
20.7164 1440
20.7176 1440
20.9053 1440
20.9065 1440
20.9292 1440
20.9304 1440
20.9316 1440
20.9328 1440
20.934 1440
20.9352 1440
20.9364 1440
20.9376 1440
20.9388 1440
20.9591 1440
21.1468 1440
21.148 1440
21.1707 1440
21.1719 1440
21.1731 1440
21.1743 1440
21.1755 1440
21.1767 1440
21.1779 1440
21.1791 1440
21.1803 1440
21.3883 1440
21.3895 1440
21.4122 1440
21.4134 1440
21.4146 1440
21.4158 1440
21.417 1440
21.4182 1440
21.4194 1440
21.4206 1440
21.4217 1440
21.4229 1440
21.631 1440
21.6322 1440
21.6334 1440
21.6549 1440
21.6561 1440
21.6572 1440
21.6584 1440
21.6596 1440
21.6608 1440
21.662 1440
21.6632 1440
21.6644 1440
21.6656 1440
21.8736 1440
21.8748 1440
21.8963 1440
21.8975 1440
21.8987 1440
21.8999 1440
21.9011 1440
21.9023 1440
21.9035 1440
21.9047 1440
21.9059 1440
21.9071 1440
22.1071 1440
22.1163 1440
22.1175 1440
22.1187 1440
22.139 1440
22.1402 1440
22.1414 1440
22.1426 1440
22.1438 1440
22.145 1440
22.1462 1440
22.1474 1440
22.1486 1440
22.1498 1440
22.3578 1440
22.359 1440
22.3602 1440
22.3614 1440
22.3817 1440
22.3829 1440
22.3841 1440
22.3853 1440
22.3865 1440
22.3877 1440
22.3889 1440
22.3901 1440
22.3913 1440
22.3925 1440
22.6005 1440
22.6017 1440
22.6029 1440
22.6041 1440
22.6244 1440
22.6256 1440
22.6268 1440
22.628 1440
22.6292 1440
22.6304 1440
22.6316 1440
22.6328 1440
22.6339 1440
22.6351 1440
22.6363 1440
22.8432 1440
22.8444 1440
22.8456 1440
22.8468 1440
22.8671 1440
22.8683 1440
22.8695 1440
22.8707 1440
22.8718 1440
22.873 1440
22.8742 1440
22.8754 1440
22.8766 1440
22.8778 1440
23.0778 1440
23.0859 1440
23.087 1440
23.0882 1440
23.0894 1440
23.1097 1440
23.1109 1440
23.1121 1440
23.1133 1440
23.1145 1440
23.1157 1440
23.1169 1440
23.1181 1440
23.1193 1440
23.1205 1440
23.1217 1440
23.3273 1440
23.3285 1440
23.3297 1440
23.3309 1440
23.3512 1440
23.3524 1440
23.3536 1440
23.3548 1440
23.356 1440
23.3572 1440
23.3584 1440
23.3596 1440
23.3608 1440
23.362 1440
23.3632 1440
23.3644 1440
23.57 1440
23.5712 1440
23.5724 1440
23.5736 1440
23.5939 1440
23.5951 1440
23.5963 1440
23.5975 1440
23.5987 1440
23.5999 1440
23.6011 1440
23.6023 1440
23.6035 1440
23.6047 1440
23.6059 1440
23.6071 1440
23.6083 1440
23.8127 1440
23.8139 1440
23.8151 1440
23.8163 1440
23.8366 1440
23.8378 1440
23.839 1440
23.8402 1440
23.8414 1440
23.8426 1440
23.8438 1440
23.845 1440
23.8462 1440
23.8474 1440
23.8486 1440
23.8497 1440
24.0497 1440
24.0554 1440
24.0566 1440
24.0578 1440
24.059 1440
24.0793 1440
24.0805 1440
24.0817 1440
24.0829 1440
24.0841 1440
24.0853 1440
24.0865 1440
24.0876 1440
24.0888 1440
24.09 1440
24.0912 1440
24.0924 1440
24.0936 1440
24.2969 1440
24.2981 1440
24.2993 1440
24.3005 1440
24.3208 1440
24.322 1440
24.3232 1440
24.3244 1440
24.3255 1440
24.3267 1440
24.3279 1440
24.3291 1440
24.3303 1440
24.3315 1440
24.3327 1440
24.3339 1440
24.3351 1440
24.3363 1440
24.5396 1440
24.5407 1440
24.5419 1440
24.5431 1440
24.5634 1440
24.5646 1440
24.5658 1440
24.567 1440
24.5682 1440
24.5694 1440
24.5706 1440
24.5718 1440
24.573 1440
24.5742 1440
24.5754 1440
24.5766 1440
24.5778 1440
24.579 1440
24.5802 1440
24.7822 1440
24.7834 1440
24.7846 1440
24.7858 1440
24.8061 1440
24.8073 1440
24.8085 1440
24.8097 1440
24.8109 1440
24.8121 1440
24.8133 1440
24.8145 1440
24.8157 1440
24.8169 1440
24.8181 1440
24.8193 1440
24.8205 1440
24.8217 1440
25.0217 1440
25.0249 1440
25.0261 1440
25.0273 1440
25.0285 1440
25.0488 1440
25.05 1440
25.0512 1440
25.0524 1440
25.0536 1440
25.0548 1440
25.056 1440
25.0572 1440
25.0584 1440
25.0596 1440
25.0608 1440
25.062 1440
25.0632 1440
25.0643 1440
25.0655 1440
25.2664 1440
25.2676 1440
25.2688 1440
25.27 1440
25.2903 1440
25.2915 1440
25.2927 1440
25.2939 1440
25.2951 1440
25.2963 1440
25.2975 1440
25.2987 1440
25.2999 1440
25.3011 1440
25.3022 1440
25.3034 1440
25.3046 1440
25.3058 1440
25.307 1440
25.3082 1440
25.5091 1440
25.5103 1440
25.5115 1440
25.5127 1440
25.533 1440
25.5342 1440
25.5354 1440
25.5366 1440
25.5378 1440
25.539 1440
25.5401 1440
25.5413 1440
25.5425 1440
25.5437 1440
25.5449 1440
25.5461 1440
25.5473 1440
25.5485 1440
25.5497 1440
25.5509 1440
25.5521 1440
25.7518 1440
25.753 1440
25.7542 1440
25.7553 1440
25.7757 1440
25.7769 1440
25.778 1440
25.7792 1440
25.7804 1440
25.7816 1440
25.7828 1440
25.784 1440
25.7852 1440
25.7864 1440
25.7876 1440
25.7888 1440
25.79 1440
25.7912 1440
25.7924 1440
25.7936 1440
25.998 1440
25.9992 1440
26.0004 1440
26.0016 1440
26.0171 1440
26.0183 1440
26.0195 1440
26.0207 1440
26.0219 1440
26.0231 1440
26.0243 1440
26.0255 1440
26.0267 1440
26.0279 1440
26.0291 1440
26.0303 1440
26.0315 1440
26.0327 1440
26.0339 1440
26.0351 1440
26.2514 1440
26.2526 1440
26.2586 1440
26.2598 1440
26.261 1440
26.2622 1440
26.2634 1440
26.2646 1440
26.2658 1440
26.2669 1440
26.2681 1440
26.2693 1440
26.2705 1440
26.2717 1440
26.2729 1440
26.2741 1440
26.2753 1440
26.2765 1440
26.2777 1440
26.2789 1440
26.2801 1440
26.2813 1440
26.4941 1440
26.4953 1440
26.5013 1440
26.5025 1440
26.5037 1440
26.5048 1440
26.506 1440
26.5072 1440
26.5084 1440
26.5096 1440
26.5108 1440
26.512 1440
26.5132 1440
26.5144 1440
26.5156 1440
26.5168 1440
26.518 1440
26.5192 1440
26.5204 1440
26.5216 1440
26.5228 1440
26.524 1440
26.7392 1440
26.7404 1440
26.7475 1440
26.7487 1440
26.7499 1440
26.7511 1440
26.7523 1440
26.7535 1440
26.7547 1440
26.7559 1440
26.7571 1440
26.7583 1440
26.7595 1440
26.7607 1440
26.7619 1440
26.7631 1440
26.7643 1440
26.7655 1440
26.7667 1440
26.7679 1440
26.7691 1440
26.7702 1440
26.7714 1440
26.9854 1440
26.9866 1440
26.9938 1440
26.995 1440
26.9962 1440
26.9974 1440
26.9986 1440
26.9998 1440
27.001 1440
27.0022 1440
27.0034 1440
27.0046 1440
27.0058 1440
27.007 1440
27.0081 1440
27.0093 1440
27.0105 1440
27.0117 1440
27.0129 1440
27.0141 1440
27.0153 1440
27.0165 1440
27.2162 1440
27.2281 1440
27.2293 1440
27.2365 1440
27.2377 1440
27.2389 1440
27.2401 1440
27.2413 1440
27.2425 1440
27.2437 1440
27.2449 1440
27.246 1440
27.2472 1440
27.2484 1440
27.2496 1440
27.2508 1440
27.252 1440
27.2532 1440
27.2544 1440
27.2556 1440
27.2568 1440
27.258 1440
27.2592 1440
27.2604 1440
27.4696 1440
27.4708 1440
27.478 1440
27.4792 1440
27.4804 1440
27.4816 1440
27.4828 1440
27.4839 1440
27.4851 1440
27.4863 1440
27.4875 1440
27.4887 1440
27.4899 1440
27.4911 1440
27.4923 1440
27.4935 1440
27.4947 1440
27.4959 1440
27.4971 1440
27.4983 1440
27.4995 1440
27.5007 1440
27.5019 1440
27.5031 1440
27.7123 1440
27.7135 1440
27.7207 1440
27.7218 1440
27.723 1440
27.7242 1440
27.7254 1440
27.7266 1440
27.7278 1440
27.729 1440
27.7302 1440
27.7314 1440
27.7326 1440
27.7338 1440
27.735 1440
27.7362 1440
27.7374 1440
27.7386 1440
27.7398 1440
27.741 1440
27.7422 1440
27.7434 1440
27.7446 1440
27.7458 1440
27.7469 1440
27.955 1440
27.9562 1440
27.9633 1440
27.9645 1440
27.9657 1440
27.9669 1440
27.9681 1440
27.9693 1440
27.9705 1440
27.9717 1440
27.9729 1440
27.9741 1440
27.9753 1440
27.9765 1440
27.9777 1440
27.9789 1440
27.9801 1440
27.9813 1440
27.9825 1440
27.9837 1440
27.9848 1440
27.986 1440
27.9872 1440
27.9884 1440
28.1884 1440
28.1976 1440
28.1988 1440
28.206 1440
28.2072 1440
28.2084 1440
28.2096 1440
28.2108 1440
28.212 1440
28.2132 1440
28.2144 1440
28.2156 1440
28.2168 1440
28.218 1440
28.2192 1440
28.2204 1440
28.2216 1440
28.2227 1440
28.2239 1440
28.2251 1440
28.2263 1440
28.2275 1440
28.2287 1440
28.2299 1440
28.2311 1440
28.2323 1440
28.4391 1440
28.4403 1440
28.4475 1440
28.4487 1440
28.4499 1440
28.4511 1440
28.4523 1440
28.4535 1440
28.4547 1440
28.4559 1440
28.4571 1440
28.4583 1440
28.4595 1440
28.4606 1440
28.4618 1440
28.463 1440
28.4642 1440
28.4654 1440
28.4666 1440
28.4678 1440
28.469 1440
28.4702 1440
28.4714 1440
28.4726 1440
28.4738 1440
28.475 1440
28.6818 1440
28.683 1440
28.6902 1440
28.6914 1440
28.6926 1440
28.6938 1440
28.695 1440
28.6962 1440
28.6974 1440
28.6985 1440
28.6997 1440
28.7009 1440
28.7021 1440
28.7033 1440
28.7045 1440
28.7057 1440
28.7069 1440
28.7081 1440
28.7093 1440
28.7105 1440
28.7117 1440
28.7129 1440
28.7141 1440
28.7153 1440
28.7165 1440
28.7177 1440
28.7189 1440
28.9245 1440
28.9257 1440
28.9329 1440
28.9341 1440
28.9353 1440
28.9365 1440
28.9376 1440
28.9388 1440
28.94 1440
28.9412 1440
28.9424 1440
28.9436 1440
28.9448 1440
28.946 1440
28.9472 1440
28.9484 1440
28.9496 1440
28.9508 1440
28.952 1440
28.9532 1440
28.9544 1440
28.9556 1440
28.9568 1440
28.958 1440
28.9592 1440
28.9604 1440
29.1604 1440
29.1672 1440
29.1684 1440
29.1755 1440
29.1767 1440
29.1779 1440
29.1791 1440
29.1803 1440
29.1815 1440
29.1827 1440
29.1839 1440
29.1851 1440
29.1863 1440
29.1875 1440
29.1887 1440
29.1899 1440
29.1911 1440
29.1923 1440
29.1935 1440
29.1947 1440
29.1959 1440
29.1971 1440
29.1983 1440
29.1995 1440
29.2006 1440
29.2018 1440
29.203 1440
29.2042 1440
29.4087 1440
29.4099 1440
29.417 1440
29.4182 1440
29.4194 1440
29.4206 1440
29.4218 1440
29.423 1440
29.4242 1440
29.4254 1440
29.4266 1440
29.4278 1440
29.429 1440
29.4302 1440
29.4314 1440
29.4326 1440
29.4338 1440
29.435 1440
29.4362 1440
29.4374 1440
29.4385 1440
29.4397 1440
29.4409 1440
29.4421 1440
29.4433 1440
29.4445 1440
29.4457 1440
29.4469 1440
29.6513 1440
29.6525 1440
29.6597 1440
29.6609 1440
29.6621 1440
29.6633 1440
29.6645 1440
29.6657 1440
29.6669 1440
29.6681 1440
29.6693 1440
29.6705 1440
29.6717 1440
29.6729 1440
29.6741 1440
29.6753 1440
29.6764 1440
29.6776 1440
29.6788 1440
29.68 1440
29.6812 1440
29.6824 1440
29.6836 1440
29.6848 1440
29.686 1440
29.6872 1440
29.6896 1440
29.6908 1440
29.894 1440
29.8952 1440
29.9024 1440
29.9036 1440
29.9048 1440
29.906 1440
29.9072 1440
29.9084 1440
29.9096 1440
29.9108 1440
29.912 1440
29.9132 1440
29.9143 1440
29.9155 1440
29.9167 1440
29.9179 1440
29.9191 1440
29.9203 1440
29.9215 1440
29.9227 1440
29.9239 1440
29.9251 1440
29.9263 1440
29.9275 1440
29.9287 1440
29.9299 1440
29.9311 1440
29.9323 1440
30.1355 1440
30.1606 1440
30.1618 1440
30.163 1440
30.1642 1440
30.1654 1440
30.1666 1440
30.1678 1440
30.169 1440
30.1702 1440
30.1714 1440
30.1726 1440
30.1738 1440
30.377 1440
30.4033 1440
30.4045 1440
30.4057 1440
30.4069 1440
30.4081 1440
30.4093 1440
30.4105 1440
30.4117 1440
30.4129 1440
30.4141 1440
30.4153 1440
30.4165 1440
30.6448 1440
30.646 1440
30.6472 1440
30.6484 1440
30.6496 1440
30.6508 1440
30.652 1440
30.6532 1440
30.6544 1440
30.6555 1440
30.6567 1440
30.6579 1440
30.6591 1440
30.8588 1440
30.8875 1440
30.8887 1440
30.8899 1440
30.8911 1440
30.8923 1440
30.8934 1440
30.8946 1440
30.8958 1440
30.897 1440
30.8982 1440
30.8994 1440
30.9006 1440
31.1015 1440
31.1027 1440
31.1302 1440
31.1313 1440
31.1325 1440
31.1337 1440
31.1349 1440
31.1361 1440
31.1373 1440
31.1385 1440
31.1397 1440
31.1409 1440
31.1421 1440
31.1433 1440
31.1445 1440
31.3442 1440
31.3454 1440
31.3728 1440
31.374 1440
31.3752 1440
31.3764 1440
31.3776 1440
31.3788 1440
31.38 1440
31.3812 1440
31.3824 1440
31.3836 1440
31.3848 1440
31.386 1440
31.5857 1440
31.5869 1440
31.6143 1440
31.6155 1440
31.6167 1440
31.6179 1440
31.6191 1440
31.6203 1440
31.6215 1440
31.6227 1440
31.6239 1440
31.6251 1440
31.6263 1440
31.6275 1440
31.6287 1440
31.8271 1440
31.8283 1440
31.8558 1440
31.857 1440
31.8582 1440
31.8594 1440
31.8606 1440
31.8618 1440
31.863 1440
31.8642 1440
31.8654 1440
31.8666 1440
31.8678 1440
31.869 1440
31.8701 1440
31.8713 1440
32.0698 1440
32.071 1440
32.0985 1440
32.0997 1440
32.1009 1440
32.1021 1440
32.1033 1440
32.1045 1440
32.1057 1440
32.1069 1440
32.108 1440
32.1092 1440
32.1104 1440
32.1116 1440
32.1128 1440
32.114 1440
32.1152 1440
32.3125 1440
32.3137 1440
32.3412 1440
32.3424 1440
32.3436 1440
32.3448 1440
32.3459 1440
32.3471 1440
32.3483 1440
32.3495 1440
32.3507 1440
32.3519 1440
32.3531 1440
32.3543 1440
32.3555 1440
32.3567 1440
32.5552 1440
32.5564 1440
32.5827 1440
32.5838 1440
32.585 1440
32.5862 1440
32.5874 1440
32.5886 1440
32.5898 1440
32.591 1440
32.5922 1440
32.5934 1440
32.5946 1440
32.5958 1440
32.597 1440
32.5982 1440
32.5994 1440
32.7979 1440
32.7991 1440
32.8241 1440
32.8253 1440
32.8265 1440
32.8277 1440
32.8289 1440
32.8301 1440
32.8313 1440
32.8325 1440
32.8337 1440
32.8349 1440
32.8361 1440
32.8373 1440
32.8385 1440
32.8397 1440
32.8409 1440
32.8421 1440
33.0429 1440
33.0441 1440
33.0668 1440
33.068 1440
33.0692 1440
33.0704 1440
33.0716 1440
33.0728 1440
33.074 1440
33.0752 1440
33.0764 1440
33.0776 1440
33.0788 1440
33.08 1440
33.0812 1440
33.0824 1440
33.0836 1440
33.0847 1440
33.0859 1440
33.2856 1440
33.2868 1440
33.3095 1440
33.3107 1440
33.3119 1440
33.3131 1440
33.3143 1440
33.3155 1440
33.3167 1440
33.3179 1440
33.3191 1440
33.3203 1440
33.3215 1440
33.3226 1440
33.3238 1440
33.325 1440
33.3262 1440
33.3274 1440
33.5271 1440
33.5283 1440
33.551 1440
33.5522 1440
33.5534 1440
33.5546 1440
33.5558 1440
33.557 1440
33.5582 1440
33.5594 1440
33.5605 1440
33.5617 1440
33.5629 1440
33.5641 1440
33.5653 1440
33.5665 1440
33.5677 1440
33.5689 1440
33.7722 1440
33.7734 1440
33.7925 1440
33.7937 1440
33.7949 1440
33.7961 1440
33.7973 1440
33.7984 1440
33.7996 1440
33.8008 1440
33.802 1440
33.8032 1440
33.8044 1440
33.8056 1440
33.8068 1440
33.808 1440
33.8092 1440
33.8104 1440
33.8116 1440
34.0149 1440
34.0185 1440
34.0197 1440
34.0352 1440
34.0364 1440
34.0375 1440
34.0387 1440
34.0399 1440
34.0411 1440
34.0423 1440
34.0435 1440
34.0447 1440
34.0459 1440
34.0471 1440
34.0483 1440
34.0495 1440
34.0507 1440
34.0519 1440
34.0531 1440
34.2576 1440
34.2635 1440
34.2647 1440
34.2766 1440
34.2778 1440
34.279 1440
34.2802 1440
34.2814 1440
34.2826 1440
34.2838 1440
34.285 1440
34.2862 1440
34.2874 1440
34.2886 1440
34.2898 1440
34.291 1440
34.2922 1440
34.2934 1440
34.2946 1440
34.2958 1440
34.4978 1440
34.5062 1440
34.5074 1440
34.5181 1440
34.5193 1440
34.5205 1440
34.5217 1440
34.5229 1440
34.5241 1440
34.5253 1440
34.5265 1440
34.5277 1440
34.5289 1440
34.5301 1440
34.5313 1440
34.5325 1440
34.5337 1440
34.5349 1440
34.5361 1440
34.5373 1440
34.5384 1440
34.7477 1440
34.7489 1440
34.7596 1440
34.7608 1440
34.762 1440
34.7632 1440
34.7644 1440
34.7656 1440
34.7668 1440
34.768 1440
34.7692 1440
34.7704 1440
34.7716 1440
34.7728 1440
34.774 1440
34.7752 1440
34.7763 1440
34.7775 1440
34.7787 1440
34.7799 1440
34.7811 1440
34.9832 1440
34.9916 1440
34.9928 1440
35.0023 1440
35.0035 1440
35.0047 1440
35.0059 1440
35.0071 1440
35.0083 1440
35.0095 1440
35.0107 1440
35.0119 1440
35.0131 1440
35.0142 1440
35.0154 1440
35.0166 1440
35.0178 1440
35.019 1440
35.0202 1440
35.0214 1440
35.0226 1440
35.2259 1440
35.2343 1440
35.2355 1440
35.2438 1440
35.245 1440
35.2462 1440
35.2474 1440
35.2486 1440
35.2498 1440
35.251 1440
35.2521 1440
35.2533 1440
35.2545 1440
35.2557 1440
35.2569 1440
35.2581 1440
35.2593 1440
35.2605 1440
35.2617 1440
35.2629 1440
35.2641 1440
35.2653 1440
35.4662 1440
35.4769 1440
35.4781 1440
35.4853 1440
35.4865 1440
35.4877 1440
35.4889 1440
35.49 1440
35.4912 1440
35.4924 1440
35.4936 1440
35.4948 1440
35.496 1440
35.4972 1440
35.4984 1440
35.4996 1440
35.5008 1440
35.502 1440
35.5032 1440
35.5044 1440
35.5056 1440
35.5068 1440
35.508 1440
35.7196 1440
35.7208 1440
35.7268 1440
35.7279 1440
35.7291 1440
35.7303 1440
35.7315 1440
35.7327 1440
35.7339 1440
35.7351 1440
35.7363 1440
35.7375 1440
35.7387 1440
35.7399 1440
35.7411 1440
35.7423 1440
35.7435 1440
35.7447 1440
35.7459 1440
35.7471 1440
35.7483 1440
35.7495 1440
35.7507 1440
35.9503 1440
35.9623 1440
35.9635 1440
35.9694 1440
35.9706 1440
35.9718 1440
35.973 1440
35.9742 1440
35.9754 1440
35.9766 1440
35.9778 1440
35.979 1440
35.9802 1440
35.9814 1440
35.9826 1440
35.9838 1440
35.985 1440
35.9862 1440
35.9874 1440
35.9886 1440
35.9898 1440
35.9909 1440
35.9921 1440
36.1942 1440
36.1954 1440
36.2062 1440
36.2074 1440
36.2121 1440
36.2133 1440
36.2145 1440
36.2157 1440
36.2169 1440
36.2181 1440
36.2193 1440
36.2205 1440
36.2217 1440
36.2229 1440
36.2241 1440
36.2253 1440
36.2265 1440
36.2277 1440
36.2288 1440
36.23 1440
36.2312 1440
36.2324 1440
36.2336 1440
36.2348 1440
36.236 1440
36.4369 1440
36.4381 1440
36.4501 1440
36.4512 1440
36.4548 1440
36.456 1440
36.4572 1440
36.4584 1440
36.4596 1440
36.4608 1440
36.462 1440
36.4632 1440
36.4644 1440
36.4656 1440
36.4667 1440
36.4679 1440
36.4691 1440
36.4703 1440
36.4715 1440
36.4727 1440
36.4739 1440
36.4751 1440
36.4763 1440
36.4775 1440
36.6775 1440
36.6796 1440
36.6808 1440
36.6927 1440
36.6939 1440
36.6975 1440
36.6987 1440
36.6999 1440
36.7011 1440
36.7023 1440
36.7035 1440
36.7046 1440
36.7058 1440
36.707 1440
36.7082 1440
36.7094 1440
36.7106 1440
36.7118 1440
36.713 1440
36.7142 1440
36.7154 1440
36.7166 1440
36.719 1440
36.7202 1440
36.7214 1440
36.7226 1440
36.9211 1440
36.9223 1440
36.9342 1440
36.9354 1440
36.939 1440
36.9402 1440
36.9414 1440
36.9425 1440
36.9437 1440
36.9449 1440
36.9461 1440
36.9473 1440
36.9485 1440
36.9497 1440
36.9509 1440
36.9521 1440
36.9533 1440
36.9545 1440
36.9557 1440
36.9569 1440
36.9581 1440
36.9593 1440
36.9617 1440
36.9629 1440
36.9641 1440
36.9653 1440
37.1638 1440
37.165 1440
37.1769 1440
37.1781 1440
37.1816 1440
37.1828 1440
37.184 1440
37.1852 1440
37.1864 1440
37.1876 1440
37.1888 1440
37.19 1440
37.1912 1440
37.1924 1440
37.1936 1440
37.1948 1440
37.196 1440
37.1972 1440
37.1984 1440
37.1996 1440
37.2008 1440
37.202 1440
37.2044 1440
37.2055 1440
37.2067 1440
37.2079 1440
37.2091 1440
37.4064 1440
37.4076 1440
37.4196 1440
37.4208 1440
37.4243 1440
37.4255 1440
37.4267 1440
37.4279 1440
37.4291 1440
37.4303 1440
37.4315 1440
37.4327 1440
37.4339 1440
37.4351 1440
37.4363 1440
37.4375 1440
37.4387 1440
37.4399 1440
37.4411 1440
37.4423 1440
37.4434 1440
37.4446 1440
37.447 1440
37.4482 1440
37.4494 1440
37.4506 1440
37.6479 1440
37.6491 1440
37.6611 1440
37.6623 1440
37.6658 1440
37.667 1440
37.6682 1440
37.6694 1440
37.6706 1440
37.6718 1440
37.673 1440
37.6742 1440
37.6754 1440
37.6766 1440
37.6778 1440
37.679 1440
37.6802 1440
37.6814 1440
37.6825 1440
37.6837 1440
37.6849 1440
37.6861 1440
37.6885 1440
37.6897 1440
37.6909 1440
37.6921 1440
37.6933 1440
37.8894 1440
37.8906 1440
37.9026 1440
37.9038 1440
37.9073 1440
37.9085 1440
37.9097 1440
37.9109 1440
37.9121 1440
37.9133 1440
37.9145 1440
37.9157 1440
37.9169 1440
37.9181 1440
37.9193 1440
37.9204 1440
37.9216 1440
37.9228 1440
37.924 1440
37.9252 1440
37.9264 1440
37.9276 1440
37.93 1440
37.9312 1440
37.9324 1440
37.9336 1440
37.9348 1440
37.936 1440
38.1321 1440
38.1333 1440
38.1452 1440
38.1464 1440
38.15 1440
38.1512 1440
38.1524 1440
38.1536 1440
38.1548 1440
38.156 1440
38.1572 1440
38.1583 1440
38.1595 1440
38.1607 1440
38.1619 1440
38.1631 1440
38.1643 1440
38.1655 1440
38.1667 1440
38.1679 1440
38.1691 1440
38.1703 1440
38.1727 1440
38.1739 1440
38.1751 1440
38.1763 1440
38.1775 1440
38.1787 1440
38.3748 1440
38.376 1440
38.3772 1440
38.3879 1440
38.3891 1440
38.3927 1440
38.3939 1440
38.3951 1440
38.3962 1440
38.3974 1440
38.3986 1440
38.3998 1440
38.401 1440
38.4022 1440
38.4034 1440
38.4046 1440
38.4058 1440
38.407 1440
38.4082 1440
38.4094 1440
38.4106 1440
38.4118 1440
38.413 1440
38.4154 1440
38.4166 1440
38.4178 1440
38.419 1440
38.4202 1440
38.4213 1440
38.6175 1440
38.6186 1440
38.6294 1440
38.6306 1440
38.6341 1440
38.6353 1440
38.6365 1440
38.6377 1440
38.6389 1440
38.6401 1440
38.6413 1440
38.6425 1440
38.6437 1440
38.6449 1440
38.6461 1440
38.6473 1440
38.6485 1440
38.6497 1440
38.6509 1440
38.6521 1440
38.6533 1440
38.6545 1440
38.6569 1440
38.6581 1440
38.6592 1440
38.6604 1440
38.6616 1440
38.6628 1440
38.8589 1440
38.8601 1440
38.8721 1440
38.8733 1440
38.8756 1440
38.8768 1440
38.8792 1440
38.8804 1440
38.8816 1440
38.8828 1440
38.884 1440
38.8852 1440
38.8864 1440
38.8876 1440
38.8888 1440
38.89 1440
38.8912 1440
38.8924 1440
38.8936 1440
38.8948 1440
38.896 1440
38.8971 1440
38.8983 1440
38.8995 1440
38.9007 1440
38.9019 1440
38.9031 1440
38.9043 1440
39.1004 1440
39.1016 1440
39.1148 1440
39.116 1440
39.1172 1440
39.1184 1440
39.1207 1440
39.1219 1440
39.1231 1440
39.1243 1440
39.1422 1440
39.1434 1440
39.1446 1440
39.1458 1440
39.3419 1440
39.3431 1440
39.3563 1440
39.3575 1440
39.3587 1440
39.3599 1440
39.3622 1440
39.3634 1440
39.3646 1440
39.3658 1440
39.3849 1440
39.3861 1440
39.3873 1440
39.3885 1440
39.5846 1440
39.5858 1440
39.599 1440
39.6001 1440
39.6013 1440
39.6025 1440
39.6049 1440
39.6061 1440
39.6073 1440
39.6085 1440
39.6276 1440
39.6288 1440
39.63 1440
39.6312 1440
39.8273 1440
39.8285 1440
39.8416 1440
39.8428 1440
39.844 1440
39.8452 1440
39.8476 1440
39.8488 1440
39.85 1440
39.8512 1440
39.8703 1440
39.8715 1440
39.8727 1440
39.8739 1440
39.8751 1440
40.07 1440
40.0712 1440
40.0843 1440
40.0855 1440
40.0867 1440
40.0879 1440
40.0903 1440
40.0914 1440
40.0926 1440
40.0938 1440
40.113 1440
40.1141 1440
40.1153 1440
40.1165 1440
40.3114 1440
40.3126 1440
40.3258 1440
40.327 1440
40.3282 1440
40.3294 1440
40.3317 1440
40.3329 1440
40.3341 1440
40.3353 1440
40.3544 1440
40.3556 1440
40.3568 1440
40.358 1440
40.5529 1440
40.5541 1440
40.5553 1440
40.5685 1440
40.5697 1440
40.5709 1440
40.5721 1440
40.5733 1440
40.5744 1440
40.5756 1440
40.5768 1440
40.5959 1440
40.5971 1440
40.5983 1440
40.5995 1440
40.7944 1440
40.7956 1440
40.7968 1440
40.798 1440
40.8112 1440
40.8123 1440
40.8135 1440
40.8147 1440
40.8159 1440
40.8171 1440
40.8183 1440
40.8195 1440
40.8386 1440
40.8398 1440
40.841 1440
40.8422 1440
41.0371 1440
41.0383 1440
41.0395 1440
41.0407 1440
41.0419 1440
41.055 1440
41.0562 1440
41.0574 1440
41.0586 1440
41.0598 1440
41.061 1440
41.0622 1440
41.0634 1440
41.0813 1440
41.0825 1440
41.0837 1440
41.0849 1440
41.2798 1440
41.281 1440
41.2822 1440
41.2834 1440
41.2989 1440
41.3001 1440
41.3013 1440
41.3025 1440
41.3037 1440
41.3049 1440
41.3061 1440
41.3073 1440
41.3228 1440
41.324 1440
41.3252 1440
41.3264 1440
41.5213 1440
41.5225 1440
41.5237 1440
41.5249 1440
41.5404 1440
41.5416 1440
41.5428 1440
41.544 1440
41.5452 1440
41.5464 1440
41.5476 1440
41.5488 1440
41.55 1440
41.5643 1440
41.5655 1440
41.5666 1440
41.5678 1440
41.7628 1440
41.764 1440
41.7651 1440
41.7663 1440
41.7819 1440
41.7831 1440
41.7843 1440
41.7855 1440
41.7867 1440
41.7879 1440
41.7891 1440
41.7902 1440
41.7914 1440
41.7926 1440
41.8069 1440
41.8081 1440
41.8093 1440
41.8105 1440
42.0054 1440
42.0066 1440
42.0078 1440
42.009 1440
42.0246 1440
42.0258 1440
42.027 1440
42.0281 1440
42.0293 1440
42.0305 1440
42.0317 1440
42.0329 1440
42.0341 1440
42.0353 1440
42.0365 1440
42.0496 1440
42.0508 1440
42.052 1440
42.0532 1440
42.2481 1440
42.2493 1440
42.2505 1440
42.2517 1440
42.2672 1440
42.2684 1440
42.2696 1440
42.2708 1440
42.272 1440
42.2732 1440
42.2744 1440
42.2756 1440
42.2768 1440
42.278 1440
42.2911 1440
42.2923 1440
42.2935 1440
42.2947 1440
42.4896 1440
42.4908 1440
42.492 1440
42.4932 1440
42.5087 1440
42.5099 1440
42.5111 1440
42.5123 1440
42.5135 1440
42.5147 1440
42.5159 1440
42.5171 1440
42.5183 1440
42.5195 1440
42.5207 1440
42.5326 1440
42.5338 1440
42.535 1440
42.5362 1440
42.7311 1440
42.7323 1440
42.7335 1440
42.7347 1440
42.7514 1440
42.7526 1440
42.7538 1440
42.755 1440
42.7562 1440
42.7574 1440
42.7586 1440
42.7598 1440
42.761 1440
42.7622 1440
42.7634 1440
42.7646 1440
42.7753 1440
42.7765 1440
42.7777 1440
42.7789 1440
42.9738 1440
42.975 1440
42.9762 1440
42.9774 1440
42.9941 1440
42.9953 1440
42.9965 1440
42.9977 1440
42.9989 1440
43.0001 1440
43.0013 1440
43.0025 1440
43.0037 1440
43.0049 1440
43.006 1440
43.0072 1440
43.018 1440
43.0192 1440
43.0203 1440
43.0215 1440
43.0227 1440
43.2165 1440
43.2176 1440
43.2188 1440
43.22 1440
43.2368 1440
43.238 1440
43.2392 1440
43.2404 1440
43.2416 1440
43.2428 1440
43.244 1440
43.2451 1440
43.2463 1440
43.2475 1440
43.2487 1440
43.2499 1440
43.2606 1440
43.2618 1440
43.263 1440
43.2642 1440
43.4579 1440
43.4591 1440
43.4603 1440
43.4615 1440
43.4783 1440
43.4795 1440
43.4807 1440
43.4819 1440
43.483 1440
43.4842 1440
43.4854 1440
43.4866 1440
43.4878 1440
43.489 1440
43.4902 1440
43.4914 1440
43.5021 1440
43.5033 1440
43.5045 1440
43.5057 1440
43.5069 1440
43.6994 1440
43.7006 1440
43.7018 1440
43.703 1440
43.7198 1440
43.7209 1440
43.7221 1440
43.7233 1440
43.7245 1440
43.7257 1440
43.7269 1440
43.7281 1440
43.7293 1440
43.7305 1440
43.7317 1440
43.7329 1440
43.7436 1440
43.7448 1440
43.746 1440
43.7472 1440
43.7484 1440
43.7496 1440
43.9421 1440
43.9433 1440
43.9445 1440
43.9457 1440
43.9624 1440
43.9636 1440
43.9648 1440
43.966 1440
43.9672 1440
43.9684 1440
43.9696 1440
43.9708 1440
43.972 1440
43.9732 1440
43.9744 1440
43.9756 1440
43.9863 1440
43.9875 1440
43.9887 1440
43.9899 1440
43.9911 1440
43.9923 1440
44.1848 1440
44.186 1440
44.1872 1440
44.1884 1440
44.1896 1440
44.2063 1440
44.2075 1440
44.2087 1440
44.2099 1440
44.2111 1440
44.2123 1440
44.2135 1440
44.2147 1440
44.2159 1440
44.2171 1440
44.2183 1440
44.2194 1440
44.229 1440
44.2302 1440
44.2314 1440
44.2326 1440
44.2338 1440
44.2349 1440
44.4275 1440
44.4287 1440
44.4299 1440
44.4311 1440
44.449 1440
44.4502 1440
44.4514 1440
44.4526 1440
44.4538 1440
44.455 1440
44.4562 1440
44.4573 1440
44.4585 1440
44.4597 1440
44.4609 1440
44.4621 1440
44.4705 1440
44.4717 1440
44.4728 1440
44.474 1440
44.4752 1440
44.4764 1440
44.669 1440
44.6702 1440
44.6713 1440
44.6725 1440
44.6737 1440
44.6929 1440
44.6941 1440
44.6952 1440
44.6964 1440
44.6976 1440
44.6988 1440
44.7 1440
44.7012 1440
44.7024 1440
44.7036 1440
44.7048 1440
44.706 1440
44.7119 1440
44.7131 1440
44.7143 1440
44.7155 1440
44.7167 1440
44.7179 1440
44.9104 1440
44.9116 1440
44.9128 1440
44.914 1440
44.9152 1440
44.9164 1440
44.9391 1440
44.9403 1440
44.9415 1440
44.9427 1440
44.9439 1440
44.9451 1440
44.9463 1440
44.9475 1440
44.9487 1440
44.9499 1440
44.9511 1440
44.9523 1440
44.9546 1440
44.9558 1440
44.957 1440
44.9582 1440
44.9594 1440
44.9606 1440
45.1531 1440
45.1543 1440
45.1555 1440
45.1567 1440
45.1579 1440
45.1591 1440
45.1842 1440
45.1854 1440
45.1866 1440
45.1878 1440
45.189 1440
45.1902 1440
45.1914 1440
45.1926 1440
45.1938 1440
45.195 1440
45.1961 1440
45.1973 1440
45.1985 1440
45.1997 1440
45.2009 1440
45.2021 1440
45.2033 1440
45.2045 1440
45.2057 1440
45.3958 1440
45.397 1440
45.3982 1440
45.3994 1440
45.4006 1440
45.4018 1440
45.4293 1440
45.4305 1440
45.4317 1440
45.4329 1440
45.4341 1440
45.4352 1440
45.4364 1440
45.4376 1440
45.4388 1440
45.44 1440
45.4412 1440
45.4424 1440
45.4436 1440
45.4448 1440
45.446 1440
45.4472 1440
45.4484 1440
45.4496 1440
45.6373 1440
45.6385 1440
45.6397 1440
45.6409 1440
45.6421 1440
45.6433 1440
45.6755 1440
45.6767 1440
45.6779 1440
45.6791 1440
45.6803 1440
45.6815 1440
45.6827 1440
45.6839 1440
45.6851 1440
45.6863 1440
45.6875 1440
45.6887 1440
45.6899 1440
45.6911 1440
45.6923 1440
45.6935 1440
45.6947 1440
45.6959 1440
45.697 1440
45.8788 1440
45.88 1440
45.8812 1440
45.8824 1440
45.8836 1440
45.8848 1440
45.9206 1440
45.9218 1440
45.923 1440
45.9242 1440
45.9254 1440
45.9266 1440
45.9278 1440
45.929 1440
45.9302 1440
45.9314 1440
45.9326 1440
45.9338 1440
45.935 1440
45.9361 1440
45.9373 1440
45.9385 1440
45.9397 1440
45.9409 1440
45.9421 1440
45.9433 1440
46.1215 1440
46.1227 1440
46.1238 1440
46.125 1440
46.1262 1440
46.1274 1440
46.1657 1440
46.1669 1440
46.1681 1440
46.1693 1440
46.1705 1440
46.1717 1440
46.1729 1440
46.174 1440
46.1752 1440
46.1764 1440
46.1776 1440
46.1788 1440
46.18 1440
46.1812 1440
46.1824 1440
46.1836 1440
46.1848 1440
46.186 1440
46.1872 1440
46.1884 1440
46.1896 1440
46.3641 1440
46.3653 1440
46.3665 1440
46.3677 1440
46.3689 1440
46.3701 1440
46.4119 1440
46.4131 1440
46.4143 1440
46.4155 1440
46.4167 1440
46.4179 1440
46.4191 1440
46.4203 1440
46.4215 1440
46.4227 1440
46.4239 1440
46.4251 1440
46.4263 1440
46.4275 1440
46.4287 1440
46.4299 1440
46.4311 1440
46.4323 1440
46.4335 1440
46.4347 1440
46.6056 1440
46.6068 1440
46.608 1440
46.6092 1440
46.6104 1440
46.6116 1440
46.6582 1440
46.6594 1440
46.6606 1440
46.6618 1440
46.663 1440
46.6642 1440
46.6654 1440
46.6666 1440
46.6678 1440
46.669 1440
46.6702 1440
46.6714 1440
46.6726 1440
46.6738 1440
46.6749 1440
46.6761 1440
46.6773 1440
46.6785 1440
46.6797 1440
46.6809 1440
46.6821 1440
46.8507 1440
46.8519 1440
46.8531 1440
46.8543 1440
46.8555 1440
46.8567 1440
46.9045 1440
46.9057 1440
46.9069 1440
46.9081 1440
46.9093 1440
46.9105 1440
46.9117 1440
46.9129 1440
46.9141 1440
46.9153 1440
46.9165 1440
46.9177 1440
46.9189 1440
46.9201 1440
46.9213 1440
46.9225 1440
46.9237 1440
46.9249 1440
46.926 1440
46.9272 1440
46.9284 1440
46.9296 1440
47.0982 1440
47.0994 1440
47.1006 1440
47.1018 1440
47.103 1440
47.1042 1440
47.1544 1440
47.1556 1440
47.1568 1440
47.158 1440
47.1592 1440
47.1604 1440
47.1616 1440
47.1628 1440
47.1639 1440
47.1651 1440
47.1663 1440
47.1675 1440
47.1687 1440
47.1699 1440
47.1711 1440
47.1723 1440
47.1735 1440
47.1747 1440
47.1759 1440
47.1771 1440
47.1783 1440
47.1795 1440
47.1807 1440
47.3576 1440
47.3588 1440
47.36 1440
47.3612 1440
47.3624 1440
47.3635 1440
47.4161 1440
47.4173 1440
47.4185 1440
47.4197 1440
47.4209 1440
47.4221 1440
47.4233 1440
47.4245 1440
47.4257 1440
47.4269 1440
47.4281 1440
47.4293 1440
47.4305 1440
47.4317 1440
47.4329 1440
47.4341 1440
47.4353 1440
47.4365 1440
47.4376 1440
47.4388 1440
47.44 1440
47.4412 1440
47.6325 1440
47.6337 1440
47.6349 1440
47.6361 1440
47.6372 1440
47.6384 1440
47.6934 1440
47.6946 1440
47.6958 1440
47.697 1440
47.6982 1440
47.6994 1440
47.7006 1440
47.7018 1440
47.703 1440
47.7042 1440
47.7054 1440
47.7066 1440
47.7078 1440
47.709 1440
47.7102 1440
47.7113 1440
47.7125 1440
47.7137 1440
47.7149 1440
47.7161 1440
47.7173 1440
47.7185 1440
47.7197 1440
47.9253 1440
47.9265 1440
47.9277 1440
47.9289 1440
47.9301 1440
47.9313 1440
47.9898 1440
47.991 1440
47.9922 1440
47.9934 1440
47.9946 1440
47.9958 1440
47.997 1440
47.9982 1440
47.9994 1440
48.0006 1440
48.0018 1440
48.003 1440
48.0042 1440
48.0054 1440
48.0066 1440
48.0078 1440
48.009 1440
48.0101 1440
48.0113 1440
48.0125 1440
48.0137 1440
48.0149 1440
48.0161 1440
48.0173 1440
48.2372 1440
48.2384 1440
48.2396 1440
48.2408 1440
48.242 1440
48.2432 1440
48.3054 1440
48.3066 1440
48.3078 1440
48.3089 1440
48.3101 1440
48.3113 1440
48.3125 1440
48.3137 1440
48.3149 1440
48.3161 1440
48.3173 1440
48.3185 1440
48.3197 1440
48.3209 1440
48.3221 1440
48.3233 1440
48.3245 1440
48.3257 1440
48.3269 1440
48.3281 1440
48.3293 1440
48.3305 1440
48.3317 1440
48.3329 1440
48.334 1440
48.5659 1440
48.5671 1440
48.5683 1440
48.5695 1440
48.5707 1440
48.5719 1440
48.6388 1440
48.64 1440
48.6412 1440
48.6424 1440
48.6436 1440
48.6448 1440
48.646 1440
48.6472 1440
48.6484 1440
48.6496 1440
48.6508 1440
48.652 1440
48.6532 1440
48.6544 1440
48.6556 1440
48.6568 1440
48.6579 1440
48.6591 1440
48.6603 1440
48.6615 1440
48.6627 1440
48.6639 1440
48.6651 1440
48.6663 1440
48.8779 1440
48.9125 1440
48.9137 1440
48.9149 1440
48.9161 1440
48.9173 1440
48.9185 1440
48.9902 1440
48.9914 1440
48.9926 1440
48.9938 1440
48.995 1440
48.9962 1440
48.9974 1440
48.9986 1440
48.9998 1440
49.001 1440
49.0022 1440
49.0034 1440
49.0046 1440
49.0057 1440
49.0069 1440
49.0081 1440
49.0093 1440
49.0105 1440
49.0117 1440
49.0129 1440
49.0141 1440
49.0153 1440
49.0165 1440
49.0177 1440
49.2747 1440
49.2759 1440
49.2771 1440
49.2795 1440
49.2806 1440
49.2818 1440
49.2866 1440
49.3524 1440
49.3536 1440
49.3547 1440
49.3571 1440
49.3595 1440
49.3619 1440
49.3643 1440
49.3667 1440
49.3679 1440
49.3691 1440
49.3703 1440
49.3715 1440
49.3727 1440
49.3739 1440
49.3751 1440
49.3763 1440
49.3775 1440
49.3787 1440
49.3798 1440
49.3846 1440
49.387 1440
49.3894 1440
49.3918 1440
49.3942 1440
49.5221 1440
49.5794 1440
49.5806 1440
49.583 1440
49.5842 1440
49.5854 1440
49.5866 1440
49.6559 1440
49.6571 1440
49.6583 1440
49.6595 1440
49.6631 1440
49.6643 1440
49.6679 1440
49.6691 1440
49.6715 1440
49.6727 1440
49.6739 1440
49.6751 1440
49.6763 1440
49.6775 1440
49.6786 1440
49.6798 1440
49.681 1440
49.6822 1440
49.6834 1440
49.6846 1440
49.6906 1440
49.6918 1440
49.6954 1440
49.6966 1440
49.8269 1440
49.828 1440
49.8854 1440
49.8866 1440
49.8878 1440
49.8902 1440
49.8914 1440
49.8926 1440
49.8938 1440
49.9512 1440
49.9523 1440
49.9535 1440
49.9547 1440
49.9559 1440
49.9571 1440
49.9583 1440
49.9595 1440
49.9607 1440
49.9619 1440
49.9631 1440
49.9643 1440
49.9655 1440
49.9667 1440
49.9679 1440
49.9691 1440
49.9703 1440
49.9715 1440
49.9727 1440
49.9739 1440
49.9751 1440
49.9763 1440
49.9774 1440
49.9786 1440
50.0802 1440
50.0814 1440
50.1388 1440
50.14 1440
50.1424 1440
50.1436 1440
50.1448 1440
50.146 1440
50.2033 1440
50.2045 1440
50.2057 1440
50.2069 1440
50.2081 1440
50.2093 1440
50.2105 1440
50.2117 1440
50.2129 1440
50.2141 1440
50.2153 1440
50.2165 1440
50.2177 1440
50.2189 1440
50.2201 1440
50.2213 1440
50.2225 1440
50.2237 1440
50.2249 1440
50.226 1440
50.2272 1440
50.2284 1440
50.2296 1440
50.2308 1440
50.3217 1440
50.3229 1440
50.3815 1440
50.3827 1440
50.3851 1440
50.3863 1440
50.3875 1440
50.3887 1440
50.3899 1440
50.4472 1440
50.4484 1440
50.4496 1440
50.4508 1440
50.452 1440
50.4532 1440
50.4544 1440
50.4556 1440
50.4568 1440
50.458 1440
50.4592 1440
50.4604 1440
50.4616 1440
50.4628 1440
50.464 1440
50.4652 1440
50.4664 1440
50.4675 1440
50.4687 1440
50.4699 1440
50.4711 1440
50.4723 1440
50.4735 1440
50.4747 1440
50.5632 1440
50.5644 1440
50.6254 1440
50.6266 1440
50.6278 1440
50.629 1440
50.6302 1440
50.6313 1440
50.6325 1440
50.6337 1440
50.6947 1440
50.6959 1440
50.6971 1440
50.6983 1440
50.6995 1440
50.7007 1440
50.7019 1440
50.7031 1440
50.7043 1440
50.7054 1440
50.7066 1440
50.7078 1440
50.709 1440
50.7102 1440
50.7114 1440
50.7126 1440
50.7138 1440
50.715 1440
50.7162 1440
50.7174 1440
50.7186 1440
50.7198 1440
50.721 1440
50.7222 1440
50.8071 1440
50.8083 1440
50.8692 1440
50.8704 1440
50.8716 1440
50.8728 1440
50.874 1440
50.8752 1440
50.8764 1440
50.8776 1440
50.941 1440
50.9422 1440
50.9434 1440
50.9445 1440
50.9457 1440
50.9469 1440
50.9481 1440
50.9493 1440
50.9505 1440
50.9517 1440
50.9529 1440
50.9541 1440
50.9553 1440
50.9565 1440
50.9577 1440
50.9589 1440
50.9601 1440
50.9613 1440
50.9625 1440
50.9637 1440
50.9649 1440
50.9661 1440
50.9673 1440
50.9684 1440
50.9696 1440
51.051 1440
51.0522 1440
51.1143 1440
51.1155 1440
51.1167 1440
51.1179 1440
51.1191 1440
51.1203 1440
51.1215 1440
51.1227 1440
51.1884 1440
51.1896 1440
51.1908 1440
51.192 1440
51.1932 1440
51.1944 1440
51.1956 1440
51.1968 1440
51.198 1440
51.1992 1440
51.2004 1440
51.2016 1440
51.2028 1440
51.204 1440
51.2052 1440
51.2063 1440
51.2075 1440
51.2087 1440
51.2099 1440
51.2111 1440
51.2123 1440
51.2135 1440
51.2147 1440
51.2159 1440
51.2949 1440
51.296 1440
51.3582 1440
51.3594 1440
51.3606 1440
51.3618 1440
51.363 1440
51.3642 1440
51.3654 1440
51.3666 1440
51.4335 1440
51.4347 1440
51.4359 1440
51.4371 1440
51.4383 1440
51.4395 1440
51.4407 1440
51.4419 1440
51.4431 1440
51.4443 1440
51.4454 1440
51.4466 1440
51.4478 1440
51.449 1440
51.4502 1440
51.4514 1440
51.4526 1440
51.4538 1440
51.455 1440
51.4562 1440
51.4574 1440
51.4586 1440
51.4598 1440
51.461 1440
51.4622 1440
51.5363 1440
51.5375 1440
51.6021 1440
51.6033 1440
51.6045 1440
51.6057 1440
51.6069 1440
51.608 1440
51.6092 1440
51.6104 1440
51.6774 1440
51.6786 1440
51.6798 1440
51.681 1440
51.6822 1440
51.6833 1440
51.6845 1440
51.6857 1440
51.6869 1440
51.6881 1440
51.6893 1440
51.6905 1440
51.6917 1440
51.6929 1440
51.6941 1440
51.6953 1440
51.6965 1440
51.6977 1440
51.6989 1440
51.7001 1440
51.7013 1440
51.7025 1440
51.7037 1440
51.7049 1440
51.7061 1440
51.7073 1440
51.779 1440
51.7802 1440
51.8448 1440
51.8459 1440
51.8471 1440
51.8483 1440
51.8495 1440
51.8507 1440
51.8519 1440
51.8531 1440
51.9224 1440
51.9236 1440
51.9248 1440
51.926 1440
51.9272 1440
51.9284 1440
51.9296 1440
51.9308 1440
51.932 1440
51.9332 1440
51.9344 1440
51.9356 1440
51.9368 1440
51.938 1440
51.9392 1440
51.9404 1440
51.9416 1440
51.9428 1440
51.944 1440
51.9452 1440
51.9463 1440
51.9475 1440
51.9487 1440
51.9499 1440
51.9511 1440
51.9523 1440
51.9535 1440
52.0228 1440
52.024 1440
52.0874 1440
52.0886 1440
52.0898 1440
52.091 1440
52.0922 1440
52.0934 1440
52.0946 1440
52.0958 1440
52.1651 1440
52.1663 1440
52.1675 1440
52.1687 1440
52.1699 1440
52.1711 1440
52.1723 1440
52.1735 1440
52.1747 1440
52.1759 1440
52.1771 1440
52.1783 1440
52.1795 1440
52.1807 1440
52.1819 1440
52.1831 1440
52.1842 1440
52.1854 1440
52.1866 1440
52.1878 1440
52.189 1440
52.1902 1440
52.1914 1440
52.1926 1440
52.1938 1440
52.195 1440
52.2643 1440
52.2655 1440
52.3289 1440
52.3301 1440
52.3313 1440
52.3325 1440
52.3337 1440
52.3349 1440
52.3361 1440
52.3373 1440
52.4066 1440
52.4078 1440
52.409 1440
52.4102 1440
52.4114 1440
52.4126 1440
52.4138 1440
52.415 1440
52.4162 1440
52.4174 1440
52.4186 1440
52.4198 1440
52.421 1440
52.4221 1440
52.4233 1440
52.4245 1440
52.4257 1440
52.4269 1440
52.4281 1440
52.4293 1440
52.4305 1440
52.4317 1440
52.4329 1440
52.4341 1440
52.4353 1440
52.4365 1440
52.4377 1440
52.5082 1440
52.5094 1440
52.5704 1440
52.5716 1440
52.5728 1440
52.574 1440
52.5752 1440
52.5764 1440
52.5776 1440
52.5788 1440
52.6481 1440
52.6493 1440
52.6505 1440
52.6517 1440
52.6529 1440
52.6541 1440
52.6553 1440
52.6565 1440
52.6577 1440
52.6589 1440
52.6601 1440
52.6613 1440
52.6624 1440
52.6636 1440
52.6648 1440
52.666 1440
52.6672 1440
52.6684 1440
52.6696 1440
52.6708 1440
52.672 1440
52.6732 1440
52.6744 1440
52.6756 1440
52.6768 1440
52.678 1440
52.6792 1440
52.6804 1440
52.7509 1440
52.7521 1440
52.8143 1440
52.8155 1440
52.8167 1440
52.8179 1440
52.8191 1440
52.8203 1440
52.8215 1440
52.8908 1440
52.892 1440
52.8932 1440
52.8944 1440
52.8956 1440
52.8968 1440
52.898 1440
52.8992 1440
52.9003 1440
52.9015 1440
52.9027 1440
52.9039 1440
52.9051 1440
52.9063 1440
52.9075 1440
52.9087 1440
52.9099 1440
52.9111 1440
52.9123 1440
52.9135 1440
52.9147 1440
52.9159 1440
52.9171 1440
52.9183 1440
52.9195 1440
52.9207 1440
52.9219 1440
52.9231 1440
52.9242 1440
52.9936 1440
52.9948 1440
53.0558 1440
53.057 1440
53.0582 1440
53.1514 1440
53.1526 1440
53.1538 1440
53.155 1440
53.1562 1440
53.1574 1440
53.1586 1440
53.1598 1440
53.161 1440
53.1622 1440
53.1634 1440
53.1645 1440
53.1657 1440
53.2363 1440
53.2375 1440
53.2973 1440
53.2985 1440
53.2997 1440
53.3941 1440
53.3953 1440
53.3965 1440
53.3977 1440
53.3989 1440
53.4001 1440
53.4013 1440
53.4024 1440
53.4036 1440
53.4048 1440
53.406 1440
53.4072 1440
53.4778 1440
53.4789 1440
53.5388 1440
53.54 1440
53.5411 1440
53.5423 1440
53.6368 1440
53.638 1440
53.6392 1440
53.6403 1440
53.6415 1440
53.6427 1440
53.6439 1440
53.6451 1440
53.6463 1440
53.6475 1440
53.6487 1440
53.6499 1440
53.6511 1440
53.7216 1440
53.7228 1440
53.7814 1440
53.7826 1440
53.7838 1440
53.785 1440
53.8794 1440
53.8806 1440
53.8818 1440
53.883 1440
53.8842 1440
53.8854 1440
53.8866 1440
53.8878 1440
53.889 1440
53.8902 1440
53.8914 1440
53.8926 1440
53.9643 1440
53.9655 1440
54.0229 1440
54.0241 1440
54.0253 1440
54.0265 1440
54.1209 1440
54.1221 1440
54.1233 1440
54.1245 1440
54.1257 1440
54.1269 1440
54.1281 1440
54.1293 1440
54.1305 1440
54.1317 1440
54.1329 1440
54.1341 1440
54.1353 1440
54.2082 1440
54.2094 1440
54.2644 1440
54.2656 1440
54.2668 1440
54.268 1440
54.3624 1440
54.3636 1440
54.3648 1440
54.366 1440
54.3672 1440
54.3684 1440
54.3696 1440
54.3708 1440
54.372 1440
54.3732 1440
54.3744 1440
54.3756 1440
54.3768 1440
54.378 1440
54.4509 1440
54.4521 1440
54.5071 1440
54.5083 1440
54.5095 1440
54.5107 1440
54.6051 1440
54.6063 1440
54.6075 1440
54.6087 1440
54.6099 1440
54.6111 1440
54.6123 1440
54.6135 1440
54.6147 1440
54.6159 1440
54.6171 1440
54.6182 1440
54.6194 1440
54.6206 1440
54.6218 1440
54.6936 1440
54.6947 1440
54.7498 1440
54.751 1440
54.7522 1440
54.7534 1440
54.8478 1440
54.849 1440
54.8502 1440
54.8514 1440
54.8526 1440
54.8538 1440
54.855 1440
54.8561 1440
54.8573 1440
54.8585 1440
54.8597 1440
54.8609 1440
54.8621 1440
54.8633 1440
54.935 1440
54.9362 1440
54.9913 1440
54.9925 1440
54.9936 1440
54.9948 1440
55.0893 1440
55.0905 1440
55.0917 1440
55.0929 1440
55.094 1440
55.0952 1440
55.0964 1440
55.0976 1440
55.0988 1440
55.1 1440
55.1012 1440
55.1024 1440
55.1036 1440
55.1048 1440
55.106 1440
55.1765 1440
55.1777 1440
55.2327 1440
55.2339 1440
55.2351 1440
55.2363 1440
55.3308 1440
55.3319 1440
55.3331 1440
55.3343 1440
55.3355 1440
55.3367 1440
55.3379 1440
55.3391 1440
55.3403 1440
55.3415 1440
55.3427 1440
55.3439 1440
55.3451 1440
55.3463 1440
55.3475 1440
55.3487 1440
55.4192 1440
55.4204 1440
55.4754 1440
55.4766 1440
55.4778 1440
55.479 1440
55.5734 1440
55.5746 1440
55.5758 1440
55.577 1440
55.5782 1440
55.5794 1440
55.5806 1440
55.5818 1440
55.583 1440
55.5842 1440
55.5854 1440
55.5866 1440
55.5878 1440
55.589 1440
55.5902 1440
55.5914 1440
55.5926 1440
55.6619 1440
55.6631 1440
55.7181 1440
55.7193 1440
55.7205 1440
55.7217 1440
55.8161 1440
55.8173 1440
55.8185 1440
55.8197 1440
55.8209 1440
55.8221 1440
55.8233 1440
55.8245 1440
55.8257 1440
55.8269 1440
55.8281 1440
55.8293 1440
55.8305 1440
55.8317 1440
55.8328 1440
55.834 1440
55.9034 1440
55.9046 1440
55.9596 1440
55.9608 1440
55.962 1440
55.9632 1440
56.0576 1440
56.0588 1440
56.06 1440
56.0612 1440
56.0624 1440
56.0636 1440
56.0648 1440
56.066 1440
56.0672 1440
56.0684 1440
56.0696 1440
56.0707 1440
56.0719 1440
56.0731 1440
56.0743 1440
56.0755 1440
56.1449 1440
56.1461 1440
56.1472 1440
56.2011 1440
56.2023 1440
56.2035 1440
56.2047 1440
56.2991 1440
56.3003 1440
56.3015 1440
56.3027 1440
56.3039 1440
56.3051 1440
56.3063 1440
56.3075 1440
56.3086 1440
56.3098 1440
56.311 1440
56.3122 1440
56.3134 1440
56.3146 1440
56.3158 1440
56.317 1440
56.3863 1440
56.3875 1440
56.3887 1440
56.3899 1440
56.4438 1440
56.445 1440
56.4462 1440
56.4473 1440
56.5418 1440
56.543 1440
56.5442 1440
56.5454 1440
56.5465 1440
56.5477 1440
56.5489 1440
56.5501 1440
56.5513 1440
56.5525 1440
56.5537 1440
56.5549 1440
56.5561 1440
56.5573 1440
56.5585 1440
56.5597 1440
56.629 1440
56.6302 1440
56.6314 1440
56.6326 1440
56.6864 1440
56.6876 1440
56.6888 1440
56.69 1440
56.6912 1440
56.7844 1440
56.7856 1440
56.7868 1440
56.788 1440
56.7892 1440
56.7904 1440
56.7916 1440
56.794 1440
56.7952 1440
56.7964 1440
56.7976 1440
56.7988 1440
56.8 1440
56.8012 1440
56.8024 1440
56.8717 1440
56.8729 1440
56.8741 1440
56.8753 1440
56.9291 1440
56.9303 1440
56.9315 1440
56.9327 1440
57.0259 1440
57.0271 1440
57.0283 1440
57.0295 1440
57.0307 1440
57.0319 1440
57.0331 1440
57.0343 1440
57.0355 1440
57.0367 1440
57.0379 1440
57.271 1440
57.2722 1440
57.2734 1440
57.2746 1440
57.2758 1440
57.277 1440
57.2782 1440
57.2794 1440
57.2806 1440
57.2818 1440
57.283 1440
57.5185 1440
57.5197 1440
57.5209 1440
57.5221 1440
57.5233 1440
57.5245 1440
57.5257 1440
57.5269 1440
57.528 1440
57.5292 1440
57.7313 1440
57.7325 1440
57.7695 1440
57.7707 1440
57.7719 1440
57.7731 1440
57.7743 1440
57.7755 1440
57.7767 1440
57.7779 1440
57.7791 1440
57.7803 1440
57.9799 1440
57.9811 1440
58.0218 1440
58.023 1440
58.0242 1440
58.0254 1440
58.0266 1440
58.0278 1440
58.0289 1440
58.0301 1440
58.0313 1440
58.0325 1440
58.2274 1440
58.2286 1440
58.2716 1440
58.2728 1440
58.274 1440
58.2752 1440
58.2764 1440
58.2776 1440
58.2788 1440
58.28 1440
58.2812 1440
58.2824 1440
58.2836 1440
58.4737 1440
58.4749 1440
58.5227 1440
58.5239 1440
58.5251 1440
58.5263 1440
58.5275 1440
58.5287 1440
58.5298 1440
58.531 1440
58.5322 1440
58.5334 1440
58.7235 1440
58.7247 1440
58.7761 1440
58.7773 1440
58.7784 1440
58.7796 1440
58.7808 1440
58.782 1440
58.7832 1440
58.7844 1440
58.7856 1440
58.7868 1440
58.788 1440
58.9924 1440
58.9936 1440
59.0486 1440
59.0498 1440
59.051 1440
59.0521 1440
59.0533 1440
59.0545 1440
59.0557 1440
59.0569 1440
59.0581 1440
59.0593 1440
59.0605 1440
59.0617 1440
59.2351 1440
59.2363 1440
59.2912 1440
59.2924 1440
59.2936 1440
59.2948 1440
59.296 1440
59.2972 1440
59.2984 1440
59.2996 1440
59.3008 1440
59.302 1440
59.3032 1440
59.3044 1440
59.3056 1440
59.4778 1440
59.4789 1440
59.5339 1440
59.5351 1440
59.5363 1440
59.5375 1440
59.5387 1440
59.5399 1440
59.5411 1440
59.5423 1440
59.5435 1440
59.5447 1440
59.5459 1440
59.5471 1440
59.7192 1440
59.7204 1440
59.7754 1440
59.7766 1440
59.7778 1440
59.779 1440
59.7802 1440
59.7814 1440
59.7826 1440
59.7838 1440
59.785 1440
59.7862 1440
59.7874 1440
59.7886 1440
59.7898 1440
59.9607 1440
59.9619 1440
60.0169 1440
60.0181 1440
60.0193 1440
60.0205 1440
60.0217 1440
60.0229 1440
60.0241 1440
60.0253 1440
60.0265 1440
60.0277 1440
60.0288 1440
60.03 1440
60.0312 1440
60.0324 1440
