0.220056 0
0.460163 0
0.46155 1440
0.703036 1440
0.704231 1440
0.945717 1440
0.946912 1440
0.948108 1440
1.1884 1440
1.18959 1440
1.19079 1440
1.38959 1440
1.39079 1440
1.43108 1440
1.43228 1440
1.43347 1440
1.63108 1440
1.63228 1440
1.63347 1440
1.67257 1440
1.67376 1440
1.67496 1440
1.67615 1440
1.67735 1440
1.67854 1440
1.87376 1440
1.87496 1440
1.87615 1440
1.91405 1440
1.91525 1440
1.91644 1440
1.91764 1440
1.91883 1440
1.92003 1440
1.92122 1440
1.92242 1440
1.92361 1440
2.11525 1440
2.11644 1440
2.11764 1440
2.11883 1440
2.12003 1440
2.12122 1440
2.15673 1440
2.15793 1440
2.15912 1440
2.16032 1440
2.16151 1440
2.16271 1440
2.1639 1440
2.1651 1440
2.16629 1440
2.16749 1440
2.16869 1440
2.16988 1440
2.35673 1440
2.35793 1440
2.35912 1440
2.36032 1440
2.36151 1440
2.36271 1440
2.3639 1440
2.3651 1440
2.36629 1440
2.39822 1440
2.39941 1440
2.40061 1440
2.4018 1440
2.403 1440
2.4042 1440
2.40539 1440
2.40659 1440
2.40778 1440
2.40898 1440
2.41017 1440
2.41137 1440
2.41256 1440
2.41376 1440
2.41495 1440
2.41615 1440
2.41734 1440
2.41854 1440
2.59822 1440
2.59941 1440
2.60061 1440
2.6018 1440
2.603 1440
2.6042 1440
2.60539 1440
2.60659 1440
2.60778 1440
2.60898 1440
2.61017 1440
2.61137 1440
2.61256 1440
2.61376 1440
2.61495 1440
2.6409 1440
2.6421 1440
2.64329 1440
2.64449 1440
2.64568 1440
2.64688 1440
2.64807 1440
2.64927 1440
2.65046 1440
2.65166 1440
2.65285 1440
2.65405 1440
2.65524 1440
2.65644 1440
2.65763 1440
2.65883 1440
2.66002 1440
2.66122 1440
2.66241 1440
2.66361 1440
2.6648 1440
2.666 1440
2.66719 1440
2.66839 1440
2.66959 1440
2.67078 1440
2.67198 1440
2.8409 1440
2.8421 1440
2.84329 1440
2.84449 1440
2.84568 1440
2.84688 1440
2.84807 1440
2.84927 1440
2.85046 1440
2.85166 1440
2.85285 1440
2.85405 1440
2.85524 1440
2.85644 1440
2.85763 1440
2.85883 1440
2.86002 1440
2.86122 1440
2.86241 1440
2.86361 1440
2.8648 1440
2.88239 1440
2.88358 1440
2.88478 1440
2.88597 1440
2.88717 1440
2.88836 1440
2.88956 1440
2.89075 1440
2.89195 1440
2.89314 1440
2.89434 1440
2.89553 1440
2.89673 1440
2.89792 1440
2.89912 1440
2.90031 1440
2.90151 1440
2.90271 1440
2.9039 1440
2.9051 1440
2.90629 1440
2.90749 1440
2.90868 1440
2.90988 1440
2.91107 1440
2.91227 1440
2.91346 1440
2.91466 1440
2.91585 1440
2.91705 1440
2.91824 1440
2.91944 1440
2.92063 1440
2.92183 1440
2.92302 1440
2.92422 1440
2.92541 1440
2.92661 1440
2.9278 1440
2.929 1440
2.93019 1440
2.93139 1440
3.09917 1440
3.10037 1440
3.10156 1440
3.10276 1440
3.10395 1440
3.10515 1440
3.10634 1440
3.10754 1440
3.10873 1440
3.10993 1440
3.11112 1440
3.11232 1440
3.11351 1440
3.11471 1440
3.1159 1440
3.1171 1440
3.11829 1440
3.11949 1440
3.12068 1440
3.12188 1440
3.12307 1440
3.12427 1440
3.12546 1440
3.12666 1440
3.12786 1440
3.12905 1440
3.13025 1440
3.13144 1440
3.13264 1440
3.13383 1440
3.13503 1440
3.13622 1440
3.13742 1440
3.13861 1440
3.13981 1440
3.141 1440
3.1422 1440
3.14339 1440
3.14459 1440
3.14578 1440
3.14698 1440
3.14817 1440
3.14937 1440
3.15056 1440
3.15176 1440
3.15295 1440
3.15415 1440
3.15534 1440
3.15654 1440
3.15774 1440
3.15893 1440
3.16013 1440
3.16132 1440
3.16252 1440
3.16371 1440
3.16491 1440
3.1661 1440
3.1673 1440
3.16849 1440
3.16969 1440
3.17088 1440
3.17208 1440
3.17327 1440
3.17447 1440
3.17566 1440
3.17686 1440
3.17805 1440
3.17925 1440
3.18044 1440
3.18164 1440
3.18283 1440
3.18403 1440
3.18522 1440
3.18642 1440
3.18762 1440
3.18881 1440
3.19001 1440
3.1912 1440
3.1924 1440
3.19359 1440
3.19479 1440
3.19598 1440
3.19718 1440
3.19837 1440
3.19957 1440
3.20076 1440
3.20196 1440
3.20315 1440
3.20435 1440
3.20554 1440
3.20674 1440
3.20793 1440
3.20913 1440
3.39359 1440
3.39479 1440
3.39598 1440
3.39718 1440
3.39837 1440
3.39957 1440
3.40076 1440
3.40196 1440
3.40315 1440
3.40435 1440
3.40554 1440
3.40674 1440
3.40793 1440
3.40913 1440
3.41032 1440
3.41152 1440
3.41271 1440
3.41391 1440
3.4151 1440
3.4163 1440
3.41749 1440
3.41869 1440
3.41989 1440
3.42108 1440
3.42228 1440
3.42347 1440
3.42467 1440
3.42586 1440
3.42706 1440
3.42825 1440
3.42945 1440
3.43064 1440
3.43184 1440
3.43303 1440
3.43423 1440
3.43542 1440
3.43662 1440
3.43781 1440
3.43901 1440
3.4402 1440
3.4414 1440
3.44259 1440
3.44379 1440
3.44498 1440
3.44618 1440
3.44737 1440
3.44857 1440
3.44977 1440
3.45096 1440
3.45216 1440
3.45335 1440
3.45455 1440
3.45574 1440
3.45694 1440
3.45813 1440
3.45933 1440
3.46052 1440
3.46172 1440
3.46291 1440
3.46411 1440
3.4653 1440
3.4665 1440
3.46769 1440
3.46889 1440
3.47008 1440
3.47128 1440
3.47247 1440
3.47367 1440
3.47486 1440
3.47606 1440
3.47725 1440
3.47845 1440
3.47965 1440
3.48084 1440
3.48204 1440
3.48323 1440
3.48443 1440
3.48562 1440
3.48682 1440
3.48801 1440
3.48921 1440
3.4904 1440
3.4916 1440
3.49279 1440
3.49399 1440
3.49518 1440
3.49638 1440
3.49757 1440
3.49877 1440
3.49996 1440
3.50116 1440
3.50235 1440
3.50355 1440
3.50474 1440
3.50594 1440
3.50713 1440
3.50833 1440
3.50953 1440
3.51072 1440
3.51192 1440
3.51311 1440
3.51431 1440
3.5155 1440
3.5167 1440
3.51789 1440
3.51909 1440
3.52028 1440
3.52148 1440
3.52267 1440
3.52387 1440
3.52506 1440
3.52626 1440
3.52745 1440
3.52865 1440
3.52984 1440
3.53104 1440
3.53223 1440
3.53343 1440
3.53462 1440
3.53582 1440
3.53701 1440
3.53821 1440
3.53941 1440
3.5406 1440
3.5418 1440
3.54299 1440
3.54419 1440
3.54538 1440
3.54658 1440
3.54777 1440
3.54897 1440
3.55016 1440
3.55136 1440
3.55255 1440
3.55375 1440
3.55494 1440
3.55614 1440
3.55733 1440
3.55853 1440
3.55972 1440
3.56092 1440
3.75693 1440
3.75932 1440
3.76171 1440
3.7641 1440
3.76649 1440
3.76888 1440
3.77127 1440
3.77366 1440
3.77605 1440
3.77845 1440
3.78084 1440
3.78323 1440
3.78562 1440
3.78801 1440
3.7904 1440
3.79279 1440
3.79518 1440
3.79757 1440
3.79996 1440
3.80235 1440
3.80474 1440
3.80713 1440
3.80952 1440
3.81191 1440
3.8143 1440
3.81669 1440
3.81908 1440
3.82147 1440
3.82386 1440
3.82625 1440
3.82864 1440
3.83103 1440
3.83342 1440
3.83581 1440
3.83821 1440
3.8406 1440
3.84299 1440
3.84538 1440
3.84777 1440
3.85016 1440
3.85255 1440
3.85494 1440
3.85733 1440
3.85972 1440
3.86211 1440
3.8645 1440
3.86689 1440
3.86809 1440
3.86928 1440
3.87048 1440
3.87167 1440
3.87287 1440
3.87406 1440
3.87526 1440
3.87645 1440
3.87765 1440
3.87884 1440
3.88004 1440
3.88123 1440
3.88243 1440
3.88362 1440
3.88482 1440
3.88601 1440
3.88721 1440
3.8884 1440
3.8896 1440
3.89079 1440
3.89199 1440
3.89318 1440
3.89438 1440
3.89557 1440
3.89677 1440
3.89796 1440
3.89916 1440
3.90036 1440
3.90155 1440
3.90275 1440
3.90394 1440
3.90514 1440
3.90633 1440
3.90753 1440
3.90872 1440
3.90992 1440
3.91111 1440
3.91231 1440
3.9135 1440
3.9147 1440
3.91589 1440
3.91709 1440
3.91828 1440
3.91948 1440
3.92067 1440
3.92187 1440
3.92306 1440
3.92784 1440
3.93024 1440
3.93263 1440
3.93502 1440
3.93741 1440
3.9398 1440
3.94219 1440
3.94458 1440
3.94697 1440
3.94936 1440
3.95175 1440
3.95414 1440
3.95653 1440
3.95892 1440
3.96131 1440
3.9637 1440
3.96609 1440
3.96848 1440
3.97087 1440
3.97326 1440
3.97565 1440
3.97804 1440
3.98043 1440
3.98282 1440
3.98521 1440
3.9876 1440
3.99 1440
3.99239 1440
3.99478 1440
3.99717 1440
3.99956 1440
4.00195 1440
4.00434 1440
4.00673 1440
4.00912 1440
4.01151 1440
4.0139 1440
4.01629 1440
4.01868 1440
4.02107 1440
4.02346 1440
4.02585 1440
4.02824 1440
4.03063 1440
4.03302 1440
4.03541 1440
4.0378 1440
4.04019 1440
4.04258 1440
4.04497 1440
4.04736 1440
4.04976 1440
4.05215 1440
4.05454 1440
4.05693 1440
4.05932 1440
4.06171 1440
4.0641 1440
4.06649 1440
4.06888 1440
4.07127 1440
4.07366 1440
4.07605 1440
4.07844 1440
4.08083 1440
4.08322 1440
4.08561 1440
4.088 1440
4.09039 1440
4.09278 1440
4.09517 1440
4.09756 1440
4.09995 1440
4.10234 1440
4.10473 1440
4.10712 1440
4.10952 1440
4.11191 1440
4.1143 1440
4.11669 1440
4.11908 1440
4.12147 1440
4.12386 1440
4.12625 1440
4.12864 1440
4.13103 1440
4.13342 1440
4.13581 1440
4.1382 1440
4.14059 1440
4.14298 1440
4.14537 1440
4.14776 1440
4.14896 1440
4.15135 1440
4.15374 1440
4.15613 1440
4.15852 1440
4.16091 1440
4.1633 1440
4.16569 1440
4.16808 1440
4.17047 1440
4.17286 1440
4.17525 1440
4.17764 1440
4.18003 1440
4.18242 1440
4.18481 1440
4.1872 1440
4.18959 1440
4.19198 1440
4.19437 1440
4.19676 1440
4.19916 1440
4.32585 1440
4.32824 1440
4.33063 1440
4.33302 1440
4.33421 1440
4.33541 1440
4.3378 1440
4.34019 1440
4.34258 1440
4.34497 1440
4.34736 1440
4.34975 1440
4.35214 1440
4.35453 1440
4.35692 1440
4.35931 1440
4.3617 1440
4.36409 1440
4.36648 1440
4.36887 1440
4.37126 1440
4.37246 1440
4.37365 1440
4.37485 1440
4.37604 1440
4.37724 1440
4.37843 1440
4.37963 1440
4.38083 1440
4.38202 1440
4.38322 1440
4.38441 1440
4.38561 1440
4.3868 1440
4.388 1440
4.38919 1440
4.39039 1440
4.39158 1440
4.39278 1440
4.39397 1440
4.39517 1440
4.39636 1440
4.39756 1440
4.39875 1440
4.39995 1440
4.40114 1440
4.40234 1440
4.40353 1440
4.40473 1440
4.40592 1440
4.40712 1440
4.40831 1440
4.40951 1440
4.41071 1440
4.4119 1440
4.4131 1440
4.41429 1440
4.41549 1440
4.41668 1440
4.41788 1440
4.41907 1440
4.42027 1440
4.42146 1440
4.42266 1440
4.42385 1440
4.42505 1440
4.42624 1440
4.42744 1440
4.42863 1440
4.42983 1440
4.43102 1440
4.43222 1440
4.43341 1440
4.43461 1440
4.4358 1440
4.437 1440
4.43819 1440
4.43939 1440
4.44059 1440
4.44178 1440
4.44298 1440
4.44417 1440
4.44537 1440
4.44656 1440
4.44776 1440
4.44895 1440
4.45134 1440
4.45373 1440
4.45612 1440
4.45851 1440
4.4609 1440
4.46329 1440
4.46449 1440
4.46688 1440
4.46927 1440
4.47166 1440
4.47405 1440
4.47644 1440
4.47883 1440
4.48122 1440
4.48481 1440
4.4872 1440
4.48959 1440
4.49198 1440
4.49556 1440
4.62584 1440
4.62823 1440
4.63062 1440
4.63421 1440
4.6354 1440
4.6366 1440
4.63899 1440
4.64257 1440
4.64496 1440
4.64735 1440
4.64975 1440
4.65214 1440
4.65453 1440
4.65692 1440
4.65931 1440
4.6617 1440
4.66409 1440
4.66648 1440
4.66887 1440
4.67126 1440
4.67484 1440
4.67604 1440
4.67723 1440
4.67843 1440
4.67963 1440
4.68202 1440
4.68321 1440
4.68441 1440
4.6856 1440
4.6868 1440
4.68799 1440
4.68919 1440
4.69038 1440
4.69158 1440
4.69277 1440
4.69397 1440
4.69516 1440
4.69636 1440
4.69755 1440
4.69875 1440
4.69994 1440
4.70114 1440
4.70233 1440
4.70353 1440
4.70472 1440
4.70592 1440
4.70711 1440
4.70831 1440
4.70951 1440
4.7119 1440
4.71309 1440
4.71429 1440
4.71548 1440
4.71668 1440
4.71787 1440
4.71907 1440
4.72026 1440
4.72146 1440
4.72265 1440
4.72385 1440
4.72504 1440
4.72624 1440
4.72743 1440
4.72863 1440
4.72982 1440
4.73102 1440
4.73221 1440
4.73341 1440
4.7346 1440
4.7358 1440
4.73699 1440
4.73939 1440
4.74058 1440
4.74178 1440
4.74297 1440
4.74417 1440
4.74536 1440
4.74656 1440
4.74775 1440
4.74895 1440
4.75014 1440
4.75134 1440
4.75253 1440
4.75373 1440
4.75492 1440
4.75612 1440
4.7597 1440
4.76329 1440
4.76687 1440
4.76927 1440
4.77166 1440
4.77405 1440
4.77644 1440
4.77763 1440
4.78122 1440
4.78241 1440
4.786 1440
4.78719 1440
4.79078 1440
4.79197 1440
4.79795 1440
4.79915 1440
4.80273 1440
4.80393 1440
4.93659 1440
4.93898 1440
4.94018 1440
4.94376 1440
4.94496 1440
4.94615 1440
4.94854 1440
4.94974 1440
4.95452 1440
4.95572 1440
4.9593 1440
4.9605 1440
4.96408 1440
4.96528 1440
4.96886 1440
4.97006 1440
4.97364 1440
4.97484 1440
4.97842 1440
4.97962 1440
4.98201 1440
4.98321 1440
4.9844 1440
4.9856 1440
4.98679 1440
4.98799 1440
4.98918 1440
4.99038 1440
4.99157 1440
4.99277 1440
4.99396 1440
4.99516 1440
4.99635 1440
4.99755 1440
4.99874 1440
4.99994 1440
5.00113 1440
5.00233 1440
5.00352 1440
5.00472 1440
5.00591 1440
5.00711 1440
5.0083 1440
5.0095 1440
5.0107 1440
5.01189 1440
5.01309 1440
5.01428 1440
5.01548 1440
5.01667 1440
5.01787 1440
5.01906 1440
5.02026 1440
5.02145 1440
5.02265 1440
5.02384 1440
5.02504 1440
5.02623 1440
5.02743 1440
5.02862 1440
5.02982 1440
5.03101 1440
5.03221 1440
5.0334 1440
5.0346 1440
5.03579 1440
5.03699 1440
5.03818 1440
5.03938 1440
5.04058 1440
5.04177 1440
5.04297 1440
5.04416 1440
5.04536 1440
5.04655 1440
5.04775 1440
5.04894 1440
5.05014 1440
5.05133 1440
5.05253 1440
5.05372 1440
5.05492 1440
5.05611 1440
5.05731 1440
5.0585 1440
5.0597 1440
5.06209 1440
5.06328 1440
5.06687 1440
5.06806 1440
5.07165 1440
5.07285 1440
5.07643 1440
5.07763 1440
5.08121 1440
5.08241 1440
5.08599 1440
5.08719 1440
5.09077 1440
5.09197 1440
5.09675 1440
5.09794 1440
5.10153 1440
5.10273 1440
5.233 1440
5.2342 1440
5.23778 1440
5.23898 1440
5.24256 1440
5.24376 1440
5.24495 1440
5.24615 1440
5.25213 1440
5.25332 1440
5.25691 1440
5.2581 1440
5.26169 1440
5.26288 1440
5.26647 1440
5.26766 1440
5.27125 1440
5.27244 1440
5.27603 1440
5.27722 1440
5.27842 1440
5.27962 1440
5.28081 1440
5.28201 1440
5.2832 1440
5.2844 1440
5.28559 1440
5.28679 1440
5.28798 1440
5.28918 1440
5.29037 1440
5.29157 1440
5.29276 1440
5.29396 1440
5.29515 1440
5.29635 1440
5.29754 1440
5.29874 1440
5.29993 1440
5.30113 1440
5.30232 1440
5.30352 1440
5.30471 1440
5.30591 1440
5.3071 1440
5.3083 1440
5.3095 1440
5.31069 1440
5.31189 1440
5.31308 1440
5.31428 1440
5.31547 1440
5.31667 1440
5.31786 1440
5.31906 1440
5.32025 1440
5.32145 1440
5.32264 1440
5.32384 1440
5.32503 1440
5.32623 1440
5.32742 1440
5.32862 1440
5.32981 1440
5.33101 1440
5.3322 1440
5.3334 1440
5.33459 1440
5.33579 1440
5.33698 1440
5.33818 1440
5.33937 1440
5.34057 1440
5.34177 1440
5.34296 1440
5.34416 1440
5.34535 1440
5.34655 1440
5.34774 1440
5.34894 1440
5.35013 1440
5.35133 1440
5.35252 1440
5.35372 1440
5.35491 1440
5.35611 1440
5.35969 1440
5.36089 1440
5.36447 1440
5.36567 1440
5.36925 1440
5.37045 1440
5.37404 1440
5.37523 1440
5.37882 1440
5.38001 1440
5.3836 1440
5.38479 1440
5.38838 1440
5.38957 1440
5.39316 1440
5.39435 1440
5.39794 1440
5.39913 1440
5.40033 1440
5.5318 1440
5.533 1440
5.53658 1440
5.53778 1440
5.54136 1440
5.54256 1440
5.54375 1440
5.54495 1440
5.55093 1440
5.55212 1440
5.55571 1440
5.5569 1440
5.56049 1440
5.56527 1440
5.56646 1440
5.57005 1440
5.57124 1440
5.57483 1440
5.57602 1440
5.57722 1440
5.57841 1440
5.57961 1440
5.58081 1440
5.582 1440
5.5832 1440
5.58439 1440
5.58559 1440
5.58678 1440
5.58798 1440
5.58917 1440
5.59037 1440
5.59156 1440
5.59276 1440
5.59395 1440
5.59515 1440
5.59634 1440
5.59754 1440
5.59873 1440
5.59993 1440
5.60112 1440
5.60232 1440
5.60351 1440
5.60471 1440
5.6059 1440
5.6071 1440
5.60829 1440
5.60949 1440
5.61069 1440
5.61188 1440
5.61308 1440
5.61427 1440
5.61547 1440
5.61666 1440
5.61786 1440
5.61905 1440
5.62025 1440
5.62144 1440
5.62264 1440
5.62383 1440
5.62503 1440
5.62622 1440
5.62742 1440
5.62861 1440
5.62981 1440
5.631 1440
5.6322 1440
5.63339 1440
5.63459 1440
5.63578 1440
5.63698 1440
5.63817 1440
5.63937 1440
5.64057 1440
5.64176 1440
5.64296 1440
5.64415 1440
5.64535 1440
5.64654 1440
5.64774 1440
5.64893 1440
5.65013 1440
5.65132 1440
5.65252 1440
5.65371 1440
5.65491 1440
5.65849 1440
5.65969 1440
5.66327 1440
5.66447 1440
5.66805 1440
5.66925 1440
5.67284 1440
5.67403 1440
5.67762 1440
5.67881 1440
5.6824 1440
5.68359 1440
5.68718 1440
5.68837 1440
5.69196 1440
5.69315 1440
5.69674 1440
5.69793 1440
5.69913 1440
5.70033 1440
5.83419 1440
5.83538 1440
5.83897 1440
5.84016 1440
5.84375 1440
5.84494 1440
5.84614 1440
5.84733 1440
5.85331 1440
5.85451 1440
5.85809 1440
5.85929 1440
5.86526 1440
5.86646 1440
5.86765 1440
5.87124 1440
5.87847 1440
5.87967 1440
5.88086 1440
5.88206 1440
5.88325 1440
5.88445 1440
5.88564 1440
5.88684 1440
5.88803 1440
5.88923 1440
5.89043 1440
5.89162 1440
5.89282 1440
5.89401 1440
5.89521 1440
5.8964 1440
5.90117 1440
5.90237 1440
5.90596 1440
5.90715 1440
5.91074 1440
5.91193 1440
5.91552 1440
5.91671 1440
5.9203 1440
5.92149 1440
5.92508 1440
5.92627 1440
5.92986 1440
5.93105 1440
5.93464 1440
5.93584 1440
5.93942 1440
5.94062 1440
5.94181 1440
5.94301 1440
6.07687 1440
6.07806 1440
6.08165 1440
6.08284 1440
6.08643 1440
6.08763 1440
6.08882 1440
6.09002 1440
6.09599 1440
6.09719 1440
6.10077 1440
6.10197 1440
6.10794 1440
6.10914 1440
6.11033 1440
6.11392 1440
6.12115 1440
6.12235 1440
6.12354 1440
6.12474 1440
6.12594 1440
6.12713 1440
6.12833 1440
6.12952 1440
6.13072 1440
6.13191 1440
6.13311 1440
6.1343 1440
6.1355 1440
6.13669 1440
6.13789 1440
6.13908 1440
6.14386 1440
6.14505 1440
6.14864 1440
6.14983 1440
6.15342 1440
6.15461 1440
6.1582 1440
6.15939 1440
6.16298 1440
6.16417 1440
6.16776 1440
6.16895 1440
6.17254 1440
6.17374 1440
6.17732 1440
6.17852 1440
6.1821 1440
6.1833 1440
6.18449 1440
6.18569 1440
6.32194 1440
6.32314 1440
6.32672 1440
6.32792 1440
6.3315 1440
6.3327 1440
6.33389 1440
6.33509 1440
6.34106 1440
6.34226 1440
6.34584 1440
6.34704 1440
6.35302 1440
6.35421 1440
6.3578 1440
6.35899 1440
6.36384 1440
6.36503 1440
6.36623 1440
6.36742 1440
6.36862 1440
6.36981 1440
6.37101 1440
6.3722 1440
6.3734 1440
6.37459 1440
6.37579 1440
6.37698 1440
6.37818 1440
6.37937 1440
6.38057 1440
6.38176 1440
6.38654 1440
6.38773 1440
6.39132 1440
6.39251 1440
6.3961 1440
6.39729 1440
6.40088 1440
6.40207 1440
6.40566 1440
6.40686 1440
6.41044 1440
6.41164 1440
6.41522 1440
6.41642 1440
6.42 1440
6.4212 1440
6.42478 1440
6.42598 1440
6.42717 1440
6.42837 1440
6.56462 1440
6.56582 1440
6.5694 1440
6.5706 1440
6.57418 1440
6.57538 1440
6.57657 1440
6.57777 1440
6.58374 1440
6.58494 1440
6.58853 1440
6.58972 1440
6.5957 1440
6.59689 1440
6.60048 1440
6.60167 1440
6.60652 1440
6.60771 1440
6.60891 1440
6.6101 1440
6.6113 1440
6.61249 1440
6.61369 1440
6.61488 1440
6.61608 1440
6.61727 1440
6.61847 1440
6.61966 1440
6.62086 1440
6.62205 1440
6.62325 1440
6.62445 1440
6.62564 1440
6.62923 1440
6.63042 1440
6.63401 1440
6.6352 1440
6.63879 1440
6.63998 1440
6.64357 1440
6.64476 1440
6.64834 1440
6.64954 1440
6.65312 1440
6.65432 1440
6.6579 1440
6.6591 1440
6.66268 1440
6.66388 1440
6.66746 1440
6.66866 1440
6.66985 1440
6.67105 1440
6.8073 1440
6.8085 1440
6.81208 1440
6.81328 1440
6.81686 1440
6.81806 1440
6.81925 1440
6.82045 1440
6.82643 1440
6.82762 1440
6.83121 1440
6.8324 1440
6.83838 1440
6.83957 1440
6.84316 1440
6.84435 1440
6.8492 1440
6.85039 1440
6.85159 1440
6.85278 1440
6.85398 1440
6.85517 1440
6.85637 1440
6.85756 1440
6.85876 1440
6.85996 1440
6.86115 1440
6.86235 1440
6.86354 1440
6.86474 1440
6.86593 1440
6.86713 1440
6.87072 1440
6.87191 1440
6.8755 1440
6.8767 1440
6.88028 1440
6.88148 1440
6.88506 1440
6.88626 1440
6.88983 1440
6.89102 1440
6.89461 1440
6.8958 1440
6.89939 1440
6.90058 1440
6.90417 1440
6.90537 1440
6.90895 1440
6.91015 1440
6.91134 1440
6.91254 1440
7.0488 1440
7.04999 1440
7.05476 1440
7.05596 1440
7.05955 1440
7.06074 1440
7.06194 1440
7.06313 1440
7.06911 1440
7.0703 1440
7.07389 1440
7.07508 1440
7.08106 1440
7.08225 1440
7.08584 1440
7.08704 1440
7.09068 1440
7.09188 1440
7.09307 1440
7.09427 1440
7.09547 1440
7.09666 1440
7.09786 1440
7.09905 1440
7.10025 1440
7.10144 1440
7.10264 1440
7.10383 1440
7.10503 1440
7.10622 1440
7.10742 1440
7.10861 1440
7.10981 1440
7.1134 1440
7.1146 1440
7.11818 1440
7.11938 1440
7.12296 1440
7.12416 1440
7.12774 1440
7.12894 1440
7.13131 1440
7.13251 1440
7.13609 1440
7.13729 1440
7.14088 1440
7.14207 1440
7.14566 1440
7.14685 1440
7.15044 1440
7.15163 1440
7.15283 1440
7.15402 1440
7.29148 1440
7.29267 1440
7.29745 1440
7.29864 1440
7.30223 1440
7.30342 1440
7.30462 1440
7.30581 1440
7.31179 1440
7.31298 1440
7.31657 1440
7.31776 1440
7.32374 1440
7.32494 1440
7.32852 1440
7.32972 1440
7.3333 1440
7.3345 1440
7.33569 1440
7.33689 1440
7.33808 1440
7.33928 1440
7.34047 1440
7.34167 1440
7.34286 1440
7.34406 1440
7.34525 1440
7.34645 1440
7.34764 1440
7.34884 1440
7.35003 1440
7.35123 1440
7.35243 1440
7.35362 1440
7.35721 1440
7.3584 1440
7.36318 1440
7.36438 1440
7.36796 1440
7.36916 1440
7.37274 1440
7.37394 1440
7.37513 1440
7.37633 1440
7.37878 1440
7.37997 1440
7.38356 1440
7.38475 1440
7.38834 1440
7.38953 1440
7.39312 1440
7.39431 1440
7.39551 1440
7.3967 1440
7.53416 1440
7.53535 1440
7.54013 1440
7.54132 1440
7.54491 1440
7.5461 1440
7.5473 1440
7.54849 1440
7.55447 1440
7.55567 1440
7.55925 1440
7.56045 1440
7.56642 1440
7.56762 1440
7.5712 1440
7.5724 1440
7.57598 1440
7.57718 1440
7.57837 1440
7.57957 1440
7.58076 1440
7.58196 1440
7.58315 1440
7.58435 1440
7.58555 1440
7.58674 1440
7.58794 1440
7.58913 1440
7.59033 1440
7.59152 1440
7.59272 1440
7.59391 1440
7.59511 1440
7.5963 1440
7.5975 1440
7.60108 1440
7.60228 1440
7.60586 1440
7.60706 1440
7.61064 1440
7.61184 1440
7.61543 1440
7.61662 1440
7.61782 1440
7.61901 1440
7.62146 1440
7.62265 1440
7.62624 1440
7.62743 1440
7.63102 1440
7.63221 1440
7.6358 1440
7.63699 1440
7.63819 1440
7.63938 1440
7.77684 1440
7.77804 1440
7.78281 1440
7.784 1440
7.78759 1440
7.78878 1440
7.78998 1440
7.79118 1440
7.79715 1440
7.79835 1440
7.80193 1440
7.80313 1440
7.8091 1440
7.8103 1440
7.81508 1440
7.81627 1440
7.81986 1440
7.82106 1440
7.82225 1440
7.82345 1440
7.82464 1440
7.82584 1440
7.82703 1440
7.82823 1440
7.82942 1440
7.83062 1440
7.83181 1440
7.83301 1440
7.8342 1440
7.8354 1440
7.83659 1440
7.83779 1440
7.83898 1440
7.84018 1440
7.84376 1440
7.84496 1440
7.84854 1440
7.84974 1440
7.85333 1440
7.85452 1440
7.85811 1440
7.8593 1440
7.86294 1440
7.86414 1440
7.86533 1440
7.86653 1440
7.86772 1440
7.86892 1440
7.8725 1440
7.8737 1440
7.87729 1440
7.87848 1440
7.87968 1440
7.88087 1440
8.01833 1440
8.01952 1440
8.02429 1440
8.02549 1440
8.02908 1440
8.03027 1440
8.03147 1440
8.03266 1440
8.03864 1440
8.03983 1440
8.04342 1440
8.04461 1440
8.05059 1440
8.05178 1440
8.05776 1440
8.05896 1440
8.06254 1440
8.06374 1440
8.06493 1440
8.06613 1440
8.06732 1440
8.06852 1440
8.06971 1440
8.07091 1440
8.0721 1440
8.0733 1440
8.07449 1440
8.07569 1440
8.07688 1440
8.07808 1440
8.07927 1440
8.08047 1440
8.08166 1440
8.08286 1440
8.08645 1440
8.08764 1440
8.09123 1440
8.09242 1440
8.09362 1440
8.0972 1440
8.0984 1440
8.10198 1440
8.10318 1440
8.10443 1440
8.10562 1440
8.10682 1440
8.10801 1440
8.10921 1440
8.11041 1440
8.11399 1440
8.11519 1440
8.11877 1440
8.11997 1440
8.12116 1440
8.12236 1440
8.26101 1440
8.2622 1440
8.26579 1440
8.26698 1440
8.27176 1440
8.27295 1440
8.27415 1440
8.27534 1440
8.28132 1440
8.28251 1440
8.2861 1440
8.28729 1440
8.29327 1440
8.29447 1440
8.30044 1440
8.30164 1440
8.30522 1440
8.30642 1440
8.30761 1440
8.30881 1440
8.31 1440
8.3112 1440
8.31239 1440
8.31359 1440
8.31478 1440
8.31598 1440
8.31717 1440
8.31837 1440
8.31956 1440
8.32076 1440
8.32196 1440
8.32315 1440
8.32435 1440
8.32554 1440
8.32913 1440
8.33032 1440
8.33391 1440
8.3351 1440
8.3363 1440
8.33749 1440
8.34108 1440
8.34227 1440
8.34586 1440
8.34705 1440
8.34825 1440
8.34944 1440
8.35064 1440
8.35184 1440
8.35303 1440
8.35423 1440
8.35667 1440
8.35787 1440
8.36145 1440
8.36265 1440
8.36384 1440
8.36504 1440
8.50369 1440
8.50488 1440
8.50847 1440
8.50967 1440
8.51444 1440
8.51563 1440
8.51683 1440
8.51802 1440
8.524 1440
8.52519 1440
8.52878 1440
8.52998 1440
8.53595 1440
8.53715 1440
8.54312 1440
8.54432 1440
8.5491 1440
8.55029 1440
8.55149 1440
8.55268 1440
8.55388 1440
8.55507 1440
8.55627 1440
8.55747 1440
8.55866 1440
8.55986 1440
8.56105 1440
8.56225 1440
8.56344 1440
8.56464 1440
8.56583 1440
8.56703 1440
8.56822 1440
8.56942 1440
8.573 1440
8.5742 1440
8.57778 1440
8.57898 1440
8.58017 1440
8.58137 1440
8.58495 1440
8.58615 1440
8.58735 1440
8.59093 1440
8.59213 1440
8.59332 1440
8.59452 1440
8.59571 1440
8.59691 1440
8.5981 1440
8.5993 1440
8.60049 1440
8.60169 1440
8.60413 1440
8.60533 1440
8.60652 1440
8.60772 1440
8.74637 1440
8.74757 1440
8.75115 1440
8.75235 1440
8.75712 1440
8.75831 1440
8.75951 1440
8.76071 1440
8.76668 1440
8.76788 1440
8.77146 1440
8.77266 1440
8.77863 1440
8.77983 1440
8.7858 1440
8.787 1440
8.79298 1440
8.79417 1440
8.79537 1440
8.79656 1440
8.79776 1440
8.79895 1440
8.80015 1440
8.80134 1440
8.80254 1440
8.80373 1440
8.80493 1440
8.80612 1440
8.80732 1440
8.80851 1440
8.80971 1440
8.8109 1440
8.8121 1440
8.81329 1440
8.81688 1440
8.81807 1440
8.82166 1440
8.82286 1440
8.82405 1440
8.82525 1440
8.82883 1440
8.83003 1440
8.83361 1440
8.83481 1440
8.836 1440
8.8372 1440
8.83839 1440
8.83959 1440
8.84078 1440
8.84198 1440
8.84317 1440
8.84437 1440
8.84562 1440
8.84682 1440
8.84801 1440
8.84921 1440
8.98786 1440
8.98905 1440
8.99383 1440
8.99503 1440
8.99861 1440
8.99981 1440
9.001 1440
9.0022 1440
9.00936 1440
9.01056 1440
9.01414 1440
9.01534 1440
9.02131 1440
9.02251 1440
9.02849 1440
9.02968 1440
9.03566 1440
9.03685 1440
9.03805 1440
9.03924 1440
9.04044 1440
9.04163 1440
9.04283 1440
9.04402 1440
9.04522 1440
9.04641 1440
9.04761 1440
9.0488 1440
9.05 1440
9.05119 1440
9.05239 1440
9.05358 1440
9.05478 1440
9.05598 1440
9.05956 1440
9.06076 1440
9.06434 1440
9.06554 1440
9.06673 1440
9.06793 1440
9.07151 1440
9.07271 1440
9.07629 1440
9.07749 1440
9.07868 1440
9.07988 1440
9.08107 1440
9.08227 1440
9.08346 1440
9.08466 1440
9.08586 1440
9.08705 1440
9.08825 1440
9.08944 1440
9.09064 1440
9.09183 1440
9.09303 1440
9.23054 1440
9.23173 1440
9.23532 1440
9.23651 1440
9.2401 1440
9.24129 1440
9.24249 1440
9.24368 1440
9.25085 1440
9.25204 1440
9.25563 1440
9.25682 1440
9.2628 1440
9.264 1440
9.26997 1440
9.27117 1440
9.27714 1440
9.27834 1440
9.27953 1440
9.28073 1440
9.28192 1440
9.28312 1440
9.28431 1440
9.28551 1440
9.2867 1440
9.2879 1440
9.28909 1440
9.29029 1440
9.29149 1440
9.29388 1440
9.29507 1440
9.29627 1440
9.29746 1440
9.30105 1440
9.30224 1440
9.30583 1440
9.30702 1440
9.30822 1440
9.30941 1440
9.313 1440
9.31419 1440
9.31778 1440
9.31897 1440
9.32017 1440
9.32137 1440
9.32256 1440
9.32376 1440
9.32495 1440
9.32615 1440
9.32734 1440
9.32854 1440
9.32973 1440
9.33093 1440
9.33212 1440
9.33332 1440
9.33451 1440
9.33571 1440
9.47441 1440
9.47561 1440
9.47919 1440
9.48039 1440
9.48398 1440
9.48517 1440
9.48637 1440
9.48756 1440
9.49354 1440
9.49473 1440
9.49832 1440
9.49951 1440
9.50549 1440
9.50668 1440
9.51266 1440
9.51386 1440
9.51983 1440
9.52103 1440
9.52222 1440
9.52342 1440
9.52461 1440
9.52581 1440
9.527 1440
9.5282 1440
9.52939 1440
9.53059 1440
9.53178 1440
9.53298 1440
9.53537 1440
9.53656 1440
9.53776 1440
9.53895 1440
9.72547 1440
9.72666 1440
9.72786 1440
9.72906 1440
9.73503 1440
9.73623 1440
9.73981 1440
9.74101 1440
9.74698 1440
9.74818 1440
9.75415 1440
9.75535 1440
9.76133 1440
9.76252 1440
9.76372 1440
9.76491 1440
9.76611 1440
9.7673 1440
9.7685 1440
9.76969 1440
9.77089 1440
9.77208 1440
9.77328 1440
9.77447 1440
9.77686 1440
9.77806 1440
9.77925 1440
9.78045 1440
9.96815 1440
9.96935 1440
9.97054 1440
9.97174 1440
9.97771 1440
9.97891 1440
9.98249 1440
9.98369 1440
9.98966 1440
9.99086 1440
9.99684 1440
9.99803 1440
10.004 1440
10.0052 1440
10.0064 1440
10.0076 1440
10.0088 1440
10.01 1440
10.0112 1440
10.0124 1440
10.0136 1440
10.0148 1440
10.016 1440
10.0172 1440
10.0195 1440
10.0207 1440
10.0219 1440
10.0231 1440
10.2108 1440
10.212 1440
10.2132 1440
10.2144 1440
10.2216 1440
10.2228 1440
10.2264 1440
10.2276 1440
10.2335 1440
10.2347 1440
10.2407 1440
10.2419 1440
10.2479 1440
10.2491 1440
10.2503 1440
10.2515 1440
10.2527 1440
10.2539 1440
10.2551 1440
10.2562 1440
10.2574 1440
10.2586 1440
10.2598 1440
10.261 1440
10.2622 1440
10.2634 1440
10.2646 1440
10.2658 1440
10.4535 1440
10.4547 1440
10.4559 1440
10.4571 1440
10.4583 1440
10.4643 1440
10.4655 1440
10.4691 1440
10.4702 1440
10.4762 1440
10.4774 1440
10.4834 1440
10.4846 1440
10.4906 1440
10.4918 1440
10.493 1440
10.4942 1440
10.4953 1440
10.4965 1440
10.4977 1440
10.4989 1440
10.5001 1440
10.5013 1440
10.5025 1440
10.5037 1440
10.5049 1440
10.5061 1440
10.5073 1440
10.5085 1440
10.6962 1440
10.6974 1440
10.6986 1440
10.6998 1440
10.707 1440
10.7081 1440
10.7117 1440
10.7129 1440
10.7189 1440
10.7201 1440
10.7261 1440
10.7273 1440
10.7344 1440
10.7356 1440
10.7368 1440
10.738 1440
10.7392 1440
10.7404 1440
10.7416 1440
10.7428 1440
10.744 1440
10.7452 1440
10.7464 1440
10.7476 1440
10.7488 1440
10.75 1440
10.7512 1440
10.7524 1440
10.9377 1440
10.9389 1440
10.9401 1440
10.9413 1440
10.9484 1440
10.9496 1440
10.9508 1440
10.9544 1440
10.9556 1440
10.9616 1440
10.9628 1440
10.9688 1440
10.97 1440
10.9783 1440
10.9795 1440
10.9807 1440
10.9819 1440
10.9831 1440
10.9843 1440
10.9855 1440
10.9867 1440
10.9879 1440
10.9891 1440
10.9903 1440
10.9915 1440
10.9927 1440
10.9939 1440
10.9951 1440
10.9962 1440
11.1804 1440
11.1815 1440
11.1827 1440
11.1839 1440
11.1911 1440
11.1923 1440
11.1935 1440
11.1947 1440
11.1983 1440
11.1995 1440
11.2055 1440
11.2067 1440
11.2126 1440
11.2138 1440
11.2222 1440
11.2234 1440
11.2246 1440
11.2258 1440
11.227 1440
11.2282 1440
11.2294 1440
11.2306 1440
11.2318 1440
11.233 1440
11.2341 1440
11.2353 1440
11.2365 1440
11.2377 1440
11.2389 1440
11.2401 1440
11.4242 1440
11.4254 1440
11.4266 1440
11.4278 1440
11.4338 1440
11.435 1440
11.4362 1440
11.4374 1440
11.441 1440
11.4422 1440
11.4434 1440
11.4493 1440
11.4505 1440
11.4565 1440
11.4577 1440
11.4673 1440
11.4685 1440
11.4697 1440
11.4709 1440
11.472 1440
11.4732 1440
11.4744 1440
11.4756 1440
11.4768 1440
11.478 1440
11.4792 1440
11.4804 1440
11.4816 1440
11.4828 1440
11.484 1440
11.4852 1440
11.6681 1440
11.6693 1440
11.6705 1440
11.6717 1440
11.6777 1440
11.6789 1440
11.6801 1440
11.6813 1440
11.6848 1440
11.686 1440
11.692 1440
11.6932 1440
11.6992 1440
11.7004 1440
11.7099 1440
11.7111 1440
11.7123 1440
11.7135 1440
11.7147 1440
11.7159 1440
11.7171 1440
11.7183 1440
11.7195 1440
11.7207 1440
11.7219 1440
11.7231 1440
11.7243 1440
11.7255 1440
11.7267 1440
11.7279 1440
11.9096 1440
11.9108 1440
11.912 1440
11.9132 1440
11.9192 1440
11.9204 1440
11.9215 1440
11.9227 1440
11.9263 1440
11.9275 1440
11.9335 1440
11.9347 1440
11.9407 1440
11.9419 1440
11.9431 1440
11.9514 1440
11.9526 1440
11.9538 1440
11.955 1440
11.9562 1440
11.9574 1440
11.9586 1440
11.9598 1440
11.961 1440
11.9622 1440
11.9634 1440
11.9646 1440
11.9658 1440
11.967 1440
11.9682 1440
11.9694 1440
12.1511 1440
12.1523 1440
12.1535 1440
12.1547 1440
12.1606 1440
12.1618 1440
12.163 1440
12.1642 1440
12.1678 1440
12.169 1440
12.175 1440
12.1762 1440
12.1822 1440
12.1834 1440
12.1846 1440
12.1857 1440
12.1941 1440
12.1953 1440
12.1965 1440
12.1977 1440
12.1989 1440
12.2001 1440
12.2013 1440
12.2025 1440
12.2037 1440
12.2049 1440
12.2061 1440
12.2073 1440
12.2085 1440
12.2097 1440
12.2108 1440
12.212 1440
12.3938 1440
12.395 1440
12.3962 1440
12.3973 1440
12.4033 1440
12.4045 1440
12.4057 1440
12.4069 1440
12.4105 1440
12.4117 1440
12.4177 1440
12.4189 1440
12.4248 1440
12.426 1440
12.4272 1440
12.4284 1440
12.4368 1440
12.438 1440
12.4392 1440
12.4404 1440
12.4416 1440
12.4428 1440
12.444 1440
12.4452 1440
12.4464 1440
12.4476 1440
12.4487 1440
12.4499 1440
12.4511 1440
12.4523 1440
12.4535 1440
12.4547 1440
12.4559 1440
12.6364 1440
12.6376 1440
12.6388 1440
12.64 1440
12.646 1440
12.6472 1440
12.6484 1440
12.6496 1440
12.6532 1440
12.6544 1440
12.6604 1440
12.6615 1440
12.6675 1440
12.6687 1440
12.6699 1440
12.6711 1440
12.6795 1440
12.6807 1440
12.6819 1440
12.6831 1440
12.6843 1440
12.6855 1440
12.6866 1440
12.6878 1440
12.689 1440
12.6902 1440
12.6914 1440
12.6926 1440
12.6938 1440
12.695 1440
12.6962 1440
12.6974 1440
12.8779 1440
12.8791 1440
12.8803 1440
12.8815 1440
12.8875 1440
12.8887 1440
12.8899 1440
12.8911 1440
12.8947 1440
12.8959 1440
12.9018 1440
12.903 1440
12.909 1440
12.9102 1440
12.9114 1440
12.9126 1440
12.921 1440
12.9222 1440
12.9234 1440
12.9245 1440
12.9257 1440
12.9269 1440
12.9281 1440
12.9293 1440
12.9305 1440
12.9317 1440
12.9329 1440
12.9341 1440
12.9353 1440
12.9365 1440
12.9377 1440
12.9389 1440
12.9401 1440
13.1194 1440
13.1206 1440
13.1218 1440
13.123 1440
13.129 1440
13.1302 1440
13.1314 1440
13.1326 1440
13.1361 1440
13.1373 1440
13.1433 1440
13.1445 1440
13.1505 1440
13.1517 1440
13.1529 1440
13.1541 1440
13.1624 1440
13.1636 1440
13.1648 1440
13.166 1440
13.1672 1440
13.1684 1440
13.1696 1440
13.1708 1440
13.172 1440
13.1732 1440
13.1744 1440
13.1756 1440
13.1768 1440
13.178 1440
13.1792 1440
13.1804 1440
13.1816 1440
13.1828 1440
13.3621 1440
13.3633 1440
13.3645 1440
13.3657 1440
13.3717 1440
13.3729 1440
13.374 1440
13.3752 1440
13.3788 1440
13.38 1440
13.386 1440
13.3872 1440
13.3932 1440
13.3944 1440
13.3956 1440
13.3968 1440
13.4051 1440
13.4063 1440
13.4075 1440
13.4087 1440
13.4099 1440
13.4111 1440
13.4123 1440
13.4135 1440
13.4147 1440
13.4159 1440
13.4171 1440
13.4183 1440
13.4195 1440
13.4207 1440
13.4219 1440
13.4231 1440
13.4243 1440
13.4254 1440
13.4266 1440
13.6048 1440
13.606 1440
13.6072 1440
13.6084 1440
13.6143 1440
13.6155 1440
13.6167 1440
13.6179 1440
13.6215 1440
13.6227 1440
13.6287 1440
13.6299 1440
13.6382 1440
13.6394 1440
13.6406 1440
13.6418 1440
13.6478 1440
13.649 1440
13.6502 1440
13.6514 1440
13.6526 1440
13.6538 1440
13.655 1440
13.6562 1440
13.6574 1440
13.6586 1440
13.6598 1440
13.661 1440
13.6622 1440
13.6633 1440
13.6645 1440
13.6657 1440
13.6669 1440
13.6681 1440
13.8463 1440
13.8475 1440
13.8487 1440
13.8498 1440
13.8558 1440
13.857 1440
13.8582 1440
13.8594 1440
13.863 1440
13.8642 1440
13.8702 1440
13.8714 1440
13.8797 1440
13.8809 1440
13.8821 1440
13.8833 1440
13.8893 1440
13.8905 1440
13.8917 1440
13.8929 1440
13.8941 1440
13.8953 1440
13.8965 1440
13.8977 1440
13.8989 1440
13.9001 1440
13.9012 1440
13.9024 1440
13.9036 1440
13.9048 1440
13.906 1440
13.9072 1440
13.9084 1440
13.9096 1440
13.9108 1440
14.0877 1440
14.0889 1440
14.0901 1440
14.0913 1440
14.0973 1440
14.0985 1440
14.0997 1440
14.1009 1440
14.1045 1440
14.1057 1440
14.1117 1440
14.1129 1440
14.1212 1440
14.1224 1440
14.1236 1440
14.1248 1440
14.1308 1440
14.132 1440
14.1332 1440
14.1344 1440
14.1356 1440
14.1368 1440
14.138 1440
14.1392 1440
14.1403 1440
14.1415 1440
14.1427 1440
14.1439 1440
14.1451 1440
14.1463 1440
14.1475 1440
14.1487 1440
14.1499 1440
14.1511 1440
14.1523 1440
14.1535 1440
14.3304 1440
14.3316 1440
14.3328 1440
14.334 1440
14.34 1440
14.3412 1440
14.3424 1440
14.3436 1440
14.3472 1440
14.3484 1440
14.3543 1440
14.3555 1440
14.3639 1440
14.3651 1440
14.3663 1440
14.3675 1440
14.3735 1440
14.3747 1440
14.3759 1440
14.3771 1440
14.3782 1440
14.3794 1440
14.3806 1440
14.3818 1440
14.383 1440
14.3842 1440
14.3854 1440
14.3866 1440
14.3878 1440
14.389 1440
14.3902 1440
14.3914 1440
14.3926 1440
14.3938 1440
14.395 1440
14.3962 1440
14.3974 1440
14.5731 1440
14.5743 1440
14.5755 1440
14.5767 1440
14.5827 1440
14.5839 1440
14.5851 1440
14.5863 1440
14.5898 1440
14.591 1440
14.597 1440
14.5982 1440
14.6066 1440
14.6078 1440
14.609 1440
14.6102 1440
14.6161 1440
14.6173 1440
14.6185 1440
14.6197 1440
14.6209 1440
14.6221 1440
14.6233 1440
14.6245 1440
14.6257 1440
14.6269 1440
14.6281 1440
14.6293 1440
14.6305 1440
14.6317 1440
14.6329 1440
14.6341 1440
14.6353 1440
14.6365 1440
14.6377 1440
14.6389 1440
14.8146 1440
14.8158 1440
14.817 1440
14.8182 1440
14.8242 1440
14.8254 1440
14.8265 1440
14.8277 1440
14.8313 1440
14.8325 1440
14.8385 1440
14.8397 1440
14.8481 1440
14.8493 1440
14.8505 1440
14.8517 1440
14.8576 1440
14.8588 1440
14.86 1440
14.8612 1440
14.8624 1440
14.8636 1440
14.8648 1440
14.866 1440
14.8672 1440
14.8684 1440
14.8696 1440
14.8708 1440
14.872 1440
14.8732 1440
14.8744 1440
14.8756 1440
14.8768 1440
14.878 1440
14.8791 1440
14.8803 1440
15.0573 1440
15.0585 1440
15.0597 1440
15.0609 1440
15.0621 1440
15.0656 1440
15.0668 1440
15.068 1440
15.0692 1440
15.0728 1440
15.074 1440
15.08 1440
15.0812 1440
15.0896 1440
15.0908 1440
15.0919 1440
15.0931 1440
15.0991 1440
15.1003 1440
15.1015 1440
15.1027 1440
15.1039 1440
15.1051 1440
15.1063 1440
15.1075 1440
15.1087 1440
15.1099 1440
15.1111 1440
15.1123 1440
15.1135 1440
15.1147 1440
15.1159 1440
15.117 1440
15.1194 1440
15.1206 1440
15.1218 1440
15.3012 1440
15.3024 1440
15.3036 1440
15.3047 1440
15.3059 1440
15.3071 1440
15.3083 1440
15.3095 1440
15.3107 1440
15.3119 1440
15.3155 1440
15.3167 1440
15.3227 1440
15.3239 1440
15.3322 1440
15.3334 1440
15.3346 1440
15.3358 1440
15.3418 1440
15.343 1440
15.3442 1440
15.3454 1440
15.3466 1440
15.3478 1440
15.349 1440
15.3502 1440
15.3514 1440
15.3526 1440
15.3538 1440
15.3549 1440
15.3561 1440
15.3573 1440
15.3585 1440
15.3597 1440
15.3609 1440
15.3621 1440
15.3633 1440
15.5845 1440
15.5857 1440
15.5869 1440
15.5881 1440
15.5893 1440
15.5905 1440
15.5917 1440
15.5929 1440
15.5941 1440
15.5952 1440
15.5964 1440
15.5976 1440
15.5988 1440
15.6 1440
15.6012 1440
15.6024 1440
15.6036 1440
15.6048 1440
15.8272 1440
15.8284 1440
15.8296 1440
15.8308 1440
15.832 1440
15.8331 1440
15.8343 1440
15.8355 1440
15.8367 1440
15.8379 1440
15.8391 1440
15.8403 1440
15.8415 1440
15.8427 1440
15.8439 1440
15.8451 1440
15.8463 1440
15.8475 1440
16.0699 1440
16.071 1440
16.0722 1440
16.0734 1440
16.0746 1440
16.0758 1440
16.077 1440
16.0782 1440
16.0794 1440
16.0806 1440
16.0818 1440
16.083 1440
16.0842 1440
16.0854 1440
16.0866 1440
16.0878 1440
16.089 1440
16.0902 1440
16.3125 1440
16.3137 1440
16.3149 1440
16.3161 1440
16.3173 1440
16.3185 1440
16.3197 1440
16.3209 1440
16.3221 1440
16.3233 1440
16.3245 1440
16.3257 1440
16.3269 1440
16.3281 1440
16.3293 1440
16.3305 1440
16.3317 1440
16.3329 1440
16.334 1440
16.5552 1440
16.5564 1440
16.5576 1440
16.5588 1440
16.56 1440
16.5612 1440
16.5624 1440
16.5636 1440
16.5648 1440
16.566 1440
16.5672 1440
16.5684 1440
16.5696 1440
16.5708 1440
16.5719 1440
16.5731 1440
16.5743 1440
16.5755 1440
16.7755 1440
16.7979 1440
16.7991 1440
16.8003 1440
16.8015 1440
16.8027 1440
16.8039 1440
16.8051 1440
16.8063 1440
16.8075 1440
16.8087 1440
16.8098 1440
16.811 1440
16.8122 1440
16.8134 1440
16.8146 1440
16.8158 1440
16.817 1440
16.8182 1440
16.8194 1440
17.0394 1440
17.0406 1440
17.0418 1440
17.043 1440
17.0442 1440
17.0454 1440
17.0466 1440
17.0477 1440
17.0489 1440
17.0501 1440
17.0513 1440
17.0525 1440
17.0537 1440
17.0549 1440
17.0561 1440
17.0573 1440
17.0585 1440
17.0597 1440
17.0609 1440
17.0621 1440
17.2821 1440
17.2833 1440
17.2845 1440
17.2856 1440
17.2868 1440
17.288 1440
17.2892 1440
17.2904 1440
17.2916 1440
17.2928 1440
17.294 1440
17.2952 1440
17.2964 1440
17.2976 1440
17.2988 1440
17.3012 1440
17.3024 1440
17.3036 1440
17.3048 1440
17.306 1440
17.3072 1440
17.5247 1440
17.5259 1440
17.5271 1440
17.5283 1440
17.5295 1440
17.5307 1440
17.5319 1440
17.5331 1440
17.5343 1440
17.5355 1440
17.5367 1440
17.5379 1440
17.5391 1440
17.5403 1440
17.5427 1440
17.5439 1440
17.5451 1440
17.5463 1440
17.5475 1440
17.5486 1440
17.7486 1440
17.7674 1440
17.7686 1440
17.7698 1440
17.771 1440
17.7722 1440
17.7734 1440
17.7746 1440
17.7758 1440
17.777 1440
17.7782 1440
17.7794 1440
17.7806 1440
17.7818 1440
17.783 1440
17.7842 1440
17.7854 1440
17.7865 1440
17.7877 1440
17.7889 1440
17.7901 1440
17.7913 1440
18.0089 1440
18.0101 1440
18.0113 1440
18.0125 1440
18.0137 1440
18.0149 1440
18.0161 1440
18.0173 1440
18.0185 1440
18.0197 1440
18.0209 1440
18.0221 1440
18.0233 1440
18.0244 1440
18.0256 1440
18.0268 1440
18.028 1440
18.0292 1440
18.0304 1440
18.0316 1440
18.0328 1440
18.034 1440
18.2516 1440
18.2528 1440
18.254 1440
18.2552 1440
18.2564 1440
18.2576 1440
18.2588 1440
18.26 1440
18.2612 1440
18.2623 1440
18.2635 1440
18.2647 1440
18.2659 1440
18.2671 1440
18.2683 1440
18.2695 1440
18.2707 1440
18.2719 1440
18.2731 1440
18.2743 1440
18.2755 1440
18.2767 1440
18.2779 1440
18.4943 1440
18.4955 1440
18.4967 1440
18.4979 1440
18.4991 1440
18.5002 1440
18.5014 1440
18.5026 1440
18.5038 1440
18.505 1440
18.5062 1440
18.5074 1440
18.5086 1440
18.5098 1440
18.511 1440
18.5122 1440
18.5134 1440
18.5146 1440
18.5158 1440
18.517 1440
18.5182 1440
18.5194 1440
18.7194 1440
18.737 1440
18.7382 1440
18.7393 1440
18.7405 1440
18.7417 1440
18.7429 1440
18.7441 1440
18.7453 1440
18.7465 1440
18.7477 1440
18.7489 1440
18.7501 1440
18.7513 1440
18.7525 1440
18.7537 1440
18.7549 1440
18.7561 1440
18.7573 1440
18.7585 1440
18.7597 1440
18.7609 1440
18.7621 1440
18.7632 1440
18.9784 1440
18.9796 1440
18.9808 1440
18.982 1440
18.9832 1440
18.9844 1440
18.9856 1440
18.9868 1440
18.988 1440
18.9892 1440
18.9904 1440
18.9916 1440
18.9928 1440
18.994 1440
18.9952 1440
18.9964 1440
18.9976 1440
18.9988 1440
19 1440
19.0011 1440
19.0023 1440
19.0035 1440
19.0047 1440
19.0059 1440
19.2211 1440
19.2223 1440
19.2235 1440
19.2247 1440
19.2259 1440
19.2271 1440
19.2283 1440
19.2295 1440
19.2307 1440
19.2319 1440
19.2331 1440
19.2343 1440
19.2355 1440
19.2367 1440
19.2379 1440
19.2391 1440
19.2402 1440
19.2414 1440
19.2426 1440
19.2438 1440
19.245 1440
19.2462 1440
19.2474 1440
19.2486 1440
19.2498 1440
19.4638 1440
19.465 1440
19.4662 1440
19.4674 1440
19.4686 1440
19.4698 1440
19.471 1440
19.4722 1440
19.4734 1440
19.4746 1440
19.4758 1440
19.477 1440
19.4781 1440
19.4793 1440
19.4805 1440
19.4817 1440
19.4829 1440
19.4841 1440
19.4853 1440
19.4865 1440
19.4877 1440
19.4889 1440
19.4901 1440
19.4913 1440
19.6913 1440
19.7065 1440
19.7077 1440
19.7089 1440
19.7101 1440
19.7113 1440
19.7125 1440
19.7137 1440
19.7149 1440
19.716 1440
19.7172 1440
19.7184 1440
19.7196 1440
19.7208 1440
19.722 1440
19.7232 1440
19.7244 1440
19.7256 1440
19.7268 1440
19.728 1440
19.7292 1440
19.7304 1440
19.7316 1440
19.7328 1440
19.734 1440
19.7352 1440
19.948 1440
19.9492 1440
19.9504 1440
19.9516 1440
19.9528 1440
19.9539 1440
19.9551 1440
19.9563 1440
19.9575 1440
19.9587 1440
19.9599 1440
19.9611 1440
19.9623 1440
19.9635 1440
19.9647 1440
19.9659 1440
19.9671 1440
19.9683 1440
19.9695 1440
19.9707 1440
19.9719 1440
19.9731 1440
19.9743 1440
19.9755 1440
19.9767 1440
19.9779 1440
20.1907 1440
20.1918 1440
20.193 1440
20.1942 1440
20.1954 1440
20.1966 1440
20.1978 1440
20.199 1440
20.2002 1440
20.2014 1440
20.2026 1440
20.2038 1440
20.205 1440
20.2062 1440
20.2074 1440
20.2086 1440
20.2098 1440
20.211 1440
20.2122 1440
20.2134 1440
20.2146 1440
20.2158 1440
20.2169 1440
20.2181 1440
20.2193 1440
20.2205 1440
20.2217 1440
20.4333 1440
20.4345 1440
20.4357 1440
20.4369 1440
20.4381 1440
20.4393 1440
20.4405 1440
20.4417 1440
20.4429 1440
20.4441 1440
20.4453 1440
20.4465 1440
20.4477 1440
20.4489 1440
20.4501 1440
20.4513 1440
20.4525 1440
20.4537 1440
20.4548 1440
20.456 1440
20.4572 1440
20.4584 1440
20.4596 1440
20.4608 1440
20.462 1440
20.4632 1440
20.6632 1440
20.676 1440
20.6772 1440
20.6784 1440
20.6796 1440
20.6808 1440
20.682 1440
20.6832 1440
20.6844 1440
20.6856 1440
20.6868 1440
20.688 1440
20.6892 1440
20.6904 1440
20.6916 1440
20.6927 1440
20.6939 1440
20.6951 1440
20.6963 1440
20.6975 1440
20.6987 1440
20.6999 1440
20.7011 1440
20.7023 1440
20.7035 1440
20.7047 1440
20.7059 1440
20.7071 1440
20.9175 1440
20.9187 1440
20.9199 1440
20.9211 1440
20.9223 1440
20.9235 1440
20.9247 1440
20.9259 1440
20.9271 1440
20.9283 1440
20.9295 1440
20.9306 1440
20.9318 1440
20.933 1440
20.9342 1440
20.9354 1440
20.9366 1440
20.9378 1440
20.939 1440
20.9402 1440
20.9414 1440
20.9426 1440
20.9438 1440
20.945 1440
20.9462 1440
20.9474 1440
20.9486 1440
20.9498 1440
21.1602 1440
21.1614 1440
21.1626 1440
21.1638 1440
21.165 1440
21.1662 1440
21.1674 1440
21.1685 1440
21.1697 1440
21.1709 1440
21.1721 1440
21.1733 1440
21.1745 1440
21.1757 1440
21.1769 1440
21.1781 1440
21.1793 1440
21.1805 1440
21.1817 1440
21.1829 1440
21.1841 1440
21.1853 1440
21.1865 1440
21.1877 1440
21.1889 1440
21.1901 1440
21.1913 1440
21.1925 1440
21.1936 1440
21.4029 1440
21.4041 1440
21.4053 1440
21.4064 1440
21.4076 1440
21.4088 1440
21.41 1440
21.4112 1440
21.4124 1440
21.4136 1440
21.4148 1440
21.416 1440
21.4172 1440
21.4184 1440
21.4196 1440
21.4208 1440
21.422 1440
21.4232 1440
21.4244 1440
21.4256 1440
21.4268 1440
21.428 1440
21.4292 1440
21.4304 1440
21.4315 1440
21.4327 1440
21.4339 1440
21.4351 1440
21.6351 1440
21.6455 1440
21.6467 1440
21.6479 1440
21.6491 1440
21.6503 1440
21.6515 1440
21.6527 1440
21.6539 1440
21.6551 1440
21.6563 1440
21.6575 1440
21.6587 1440
21.6599 1440
21.6611 1440
21.6623 1440
21.6635 1440
21.6647 1440
21.6659 1440
21.6671 1440
21.6683 1440
21.6694 1440
21.6706 1440
21.6718 1440
21.673 1440
21.6742 1440
21.6754 1440
21.6766 1440
21.6778 1440
21.887 1440
21.8882 1440
21.8894 1440
21.8906 1440
21.8918 1440
21.893 1440
21.8942 1440
21.8954 1440
21.8966 1440
21.8978 1440
21.899 1440
21.9002 1440
21.9014 1440
21.9026 1440
21.9038 1440
21.905 1440
21.9062 1440
21.9073 1440
21.9085 1440
21.9097 1440
21.9109 1440
21.9121 1440
21.9133 1440
21.9145 1440
21.9157 1440
21.9169 1440
21.9181 1440
21.9193 1440
21.9205 1440
22.1193 1440
22.1297 1440
22.1309 1440
22.1321 1440
22.1333 1440
22.1345 1440
22.1357 1440
22.1369 1440
22.1381 1440
22.1393 1440
22.1405 1440
22.1417 1440
22.1429 1440
22.1441 1440
22.1452 1440
22.1464 1440
22.1476 1440
22.1488 1440
22.15 1440
22.1512 1440
22.1524 1440
22.1536 1440
22.1548 1440
22.156 1440
22.1572 1440
22.1584 1440
22.1596 1440
22.1608 1440
22.162 1440
22.3608 1440
22.362 1440
22.3724 1440
22.3736 1440
22.3748 1440
22.376 1440
22.3772 1440
22.3784 1440
22.3796 1440
22.3808 1440
22.382 1440
22.3831 1440
22.3843 1440
22.3855 1440
22.3867 1440
22.3879 1440
22.3891 1440
22.3903 1440
22.3915 1440
22.3927 1440
22.3939 1440
22.3951 1440
22.3963 1440
22.3975 1440
22.3987 1440
22.3999 1440
22.4011 1440
22.4023 1440
22.4035 1440
22.4047 1440
22.4059 1440
22.6035 1440
22.6047 1440
22.6151 1440
22.6163 1440
22.6175 1440
22.6187 1440
22.6199 1440
22.6211 1440
22.6222 1440
22.6234 1440
22.6246 1440
22.6258 1440
22.627 1440
22.6282 1440
22.6294 1440
22.6306 1440
22.6318 1440
22.633 1440
22.6342 1440
22.6354 1440
22.6366 1440
22.6378 1440
22.639 1440
22.6402 1440
22.6414 1440
22.6426 1440
22.6438 1440
22.645 1440
22.6461 1440
22.6473 1440
22.845 1440
22.8461 1440
22.8566 1440
22.8578 1440
22.859 1440
22.8601 1440
22.8613 1440
22.8625 1440
22.8637 1440
22.8649 1440
22.8661 1440
22.8673 1440
22.8685 1440
22.8697 1440
22.8709 1440
22.8721 1440
22.8733 1440
22.8745 1440
22.8757 1440
22.8769 1440
22.8781 1440
22.8793 1440
22.8805 1440
22.8817 1440
22.8829 1440
22.8841 1440
22.8852 1440
22.8864 1440
22.8876 1440
22.8888 1440
22.89 1440
23.0864 1440
23.0876 1440
23.098 1440
23.0992 1440
23.1004 1440
23.1016 1440
23.1028 1440
23.104 1440
23.1052 1440
23.1064 1440
23.1076 1440
23.1088 1440
23.11 1440
23.1112 1440
23.1124 1440
23.1136 1440
23.1148 1440
23.116 1440
23.1172 1440
23.1184 1440
23.1196 1440
23.1208 1440
23.122 1440
23.1231 1440
23.1243 1440
23.1255 1440
23.1267 1440
23.1279 1440
23.1291 1440
23.1303 1440
23.1315 1440
23.1327 1440
23.3291 1440
23.3303 1440
23.3407 1440
23.3419 1440
23.3431 1440
23.3443 1440
23.3455 1440
23.3467 1440
23.3479 1440
23.3491 1440
23.3503 1440
23.3515 1440
23.3527 1440
23.3539 1440
23.3551 1440
23.3563 1440
23.3575 1440
23.3587 1440
23.3599 1440
23.361 1440
23.3622 1440
23.3634 1440
23.3646 1440
23.3658 1440
23.367 1440
23.3682 1440
23.3694 1440
23.3706 1440
23.3718 1440
23.373 1440
23.3742 1440
23.3754 1440
23.3766 1440
23.5718 1440
23.573 1440
23.5834 1440
23.5846 1440
23.5858 1440
23.587 1440
23.5882 1440
23.5894 1440
23.5906 1440
23.5918 1440
23.593 1440
23.5942 1440
23.5954 1440
23.5966 1440
23.5978 1440
23.5989 1440
23.6001 1440
23.6013 1440
23.6025 1440
23.6037 1440
23.6049 1440
23.6061 1440
23.6073 1440
23.6085 1440
23.6097 1440
23.6109 1440
23.6121 1440
23.6133 1440
23.6145 1440
23.6157 1440
23.6169 1440
23.6181 1440
23.8133 1440
23.8145 1440
23.8249 1440
23.8261 1440
23.8273 1440
23.8285 1440
23.8297 1440
23.8309 1440
23.8321 1440
23.8333 1440
23.8345 1440
23.8357 1440
23.8368 1440
23.838 1440
23.8392 1440
23.8404 1440
23.8416 1440
23.8428 1440
23.844 1440
23.8452 1440
23.8464 1440
23.8476 1440
23.8488 1440
23.85 1440
23.8512 1440
23.8524 1440
23.8536 1440
23.8548 1440
23.856 1440
23.8572 1440
23.8584 1440
23.8596 1440
23.8608 1440
24.0548 1440
24.056 1440
24.0664 1440
24.0676 1440
24.0688 1440
24.07 1440
24.0712 1440
24.0724 1440
24.0736 1440
24.0747 1440
24.0759 1440
24.0771 1440
24.0783 1440
24.0795 1440
24.0807 1440
24.0819 1440
24.0831 1440
24.0843 1440
24.0855 1440
24.0867 1440
24.0879 1440
24.0891 1440
24.0903 1440
24.0915 1440
24.0927 1440
24.0939 1440
24.0951 1440
24.0963 1440
24.0975 1440
24.0987 1440
24.0998 1440
24.101 1440
24.1022 1440
24.1034 1440
24.2975 1440
24.2987 1440
24.3091 1440
24.3103 1440
24.3115 1440
24.3126 1440
24.3138 1440
24.315 1440
24.3162 1440
24.3174 1440
24.3186 1440
24.3198 1440
24.321 1440
24.3222 1440
24.3234 1440
24.3246 1440
24.3258 1440
24.327 1440
24.3282 1440
24.3294 1440
24.3306 1440
24.3318 1440
24.333 1440
24.3342 1440
24.3354 1440
24.3366 1440
24.3377 1440
24.3389 1440
24.3401 1440
24.3413 1440
24.3425 1440
24.3437 1440
24.3449 1440
24.3461 1440
24.3473 1440
24.5401 1440
24.5413 1440
24.5517 1440
24.5529 1440
24.5541 1440
24.5553 1440
24.5565 1440
24.5577 1440
24.5589 1440
24.5601 1440
24.5613 1440
24.5625 1440
24.5637 1440
24.5649 1440
24.5661 1440
24.5673 1440
24.5685 1440
24.5697 1440
24.5709 1440
24.5721 1440
24.5733 1440
24.5745 1440
24.5756 1440
24.5768 1440
24.578 1440
24.5792 1440
24.5804 1440
24.5816 1440
24.5828 1440
24.584 1440
24.5852 1440
24.5864 1440
24.5876 1440
24.5888 1440
24.7816 1440
24.7828 1440
24.7932 1440
24.7944 1440
24.7956 1440
24.7968 1440
24.798 1440
24.7992 1440
24.8004 1440
24.8016 1440
24.8028 1440
24.804 1440
24.8052 1440
24.8064 1440
24.8076 1440
24.8088 1440
24.81 1440
24.8112 1440
24.8124 1440
24.8135 1440
24.8147 1440
24.8159 1440
24.8171 1440
24.8183 1440
24.8195 1440
24.8207 1440
24.8219 1440
24.8231 1440
24.8243 1440
24.8255 1440
24.8267 1440
24.8279 1440
24.8291 1440
24.8303 1440
24.8315 1440
25.0231 1440
25.0243 1440
25.0347 1440
25.0359 1440
25.0371 1440
25.0383 1440
25.0395 1440
25.0407 1440
25.0419 1440
25.0431 1440
25.0443 1440
25.0455 1440
25.0467 1440
25.0479 1440
25.0491 1440
25.0503 1440
25.0514 1440
25.0526 1440
25.0538 1440
25.055 1440
25.0562 1440
25.0574 1440
25.0586 1440
25.0598 1440
25.061 1440
25.0622 1440
25.0634 1440
25.0646 1440
25.0658 1440
25.067 1440
25.0682 1440
25.0694 1440
25.0706 1440
25.0718 1440
25.073 1440
25.0742 1440
25.2658 1440
25.267 1440
25.2774 1440
25.2786 1440
25.2798 1440
25.281 1440
25.2822 1440
25.2834 1440
25.2846 1440
25.2858 1440
25.287 1440
25.2882 1440
25.2893 1440
25.2905 1440
25.2917 1440
25.2929 1440
25.2941 1440
25.2953 1440
25.2965 1440
25.2977 1440
25.2989 1440
25.3001 1440
25.3013 1440
25.3025 1440
25.3037 1440
25.3049 1440
25.3061 1440
25.3073 1440
25.3085 1440
25.3097 1440
25.3109 1440
25.3121 1440
25.3133 1440
25.3144 1440
25.3156 1440
25.3168 1440
25.318 1440
25.5085 1440
25.5097 1440
25.5201 1440
25.5213 1440
25.5225 1440
25.5237 1440
25.5249 1440
25.5261 1440
25.5272 1440
25.5284 1440
25.5296 1440
25.5308 1440
25.532 1440
25.5332 1440
25.5344 1440
25.5356 1440
25.5368 1440
25.538 1440
25.5392 1440
25.5404 1440
25.5416 1440
25.5428 1440
25.544 1440
25.5452 1440
25.5464 1440
25.5476 1440
25.5488 1440
25.55 1440
25.5512 1440
25.5523 1440
25.5535 1440
25.5547 1440
25.5559 1440
25.5571 1440
25.5583 1440
25.5595 1440
25.75 1440
25.7512 1440
25.7616 1440
25.7628 1440
25.764 1440
25.7652 1440
25.7663 1440
25.7675 1440
25.7687 1440
25.7699 1440
25.7711 1440
25.7723 1440
25.7735 1440
25.7747 1440
25.7759 1440
25.7771 1440
25.7783 1440
25.7795 1440
25.7807 1440
25.7819 1440
25.7831 1440
25.7843 1440
25.7855 1440
25.7867 1440
25.7879 1440
25.7891 1440
25.7902 1440
25.7914 1440
25.7926 1440
25.7938 1440
25.795 1440
25.7962 1440
25.7974 1440
25.7986 1440
25.7998 1440
25.801 1440
25.8022 1440
25.9914 1440
25.9926 1440
26.0031 1440
26.0042 1440
26.0054 1440
26.0066 1440
26.0078 1440
26.009 1440
26.0102 1440
26.0114 1440
26.0126 1440
26.0138 1440
26.015 1440
26.0162 1440
26.0174 1440
26.0186 1440
26.0198 1440
26.021 1440
26.0222 1440
26.0234 1440
26.0246 1440
26.0258 1440
26.027 1440
26.0281 1440
26.0293 1440
26.0305 1440
26.0317 1440
26.0329 1440
26.0341 1440
26.0353 1440
26.0365 1440
26.0377 1440
26.0389 1440
26.0401 1440
26.0413 1440
26.0425 1440
26.0437 1440
26.0449 1440
26.2341 1440
26.2353 1440
26.2457 1440
26.2469 1440
26.2481 1440
26.2493 1440
26.2505 1440
26.2517 1440
26.2529 1440
26.2541 1440
26.2553 1440
26.2565 1440
26.2577 1440
26.2589 1440
26.2601 1440
26.2613 1440
26.2625 1440
26.2637 1440
26.2649 1440
26.2661 1440
26.2672 1440
26.2684 1440
26.2696 1440
26.2708 1440
26.272 1440
26.2732 1440
26.2744 1440
26.2756 1440
26.2768 1440
26.278 1440
26.2792 1440
26.2804 1440
26.2816 1440
26.2828 1440
26.284 1440
26.2852 1440
26.2864 1440
26.2876 1440
26.2888 1440
26.4768 1440
26.478 1440
26.4884 1440
26.4896 1440
26.4908 1440
26.492 1440
26.4932 1440
26.4944 1440
26.4956 1440
26.4968 1440
26.498 1440
26.4992 1440
26.5004 1440
26.5016 1440
26.5028 1440
26.504 1440
26.5051 1440
26.5063 1440
26.5075 1440
26.5087 1440
26.5099 1440
26.5111 1440
26.5123 1440
26.5135 1440
26.5147 1440
26.5159 1440
26.5171 1440
26.5183 1440
26.5195 1440
26.5207 1440
26.5219 1440
26.5231 1440
26.5243 1440
26.5255 1440
26.5267 1440
26.5279 1440
26.5291 1440
26.5302 1440
26.7183 1440
26.7195 1440
26.7299 1440
26.7311 1440
26.7323 1440
26.7335 1440
26.7347 1440
26.7359 1440
26.7371 1440
26.7383 1440
26.7395 1440
26.7407 1440
26.7419 1440
26.743 1440
26.7442 1440
26.7454 1440
26.7466 1440
26.7478 1440
26.749 1440
26.7502 1440
26.7514 1440
26.7526 1440
26.7538 1440
26.755 1440
26.7562 1440
26.7574 1440
26.7586 1440
26.7598 1440
26.761 1440
26.7622 1440
26.7634 1440
26.7646 1440
26.7658 1440
26.767 1440
26.7681 1440
26.7693 1440
26.7705 1440
26.7717 1440
26.9598 1440
26.961 1440
26.9622 1440
26.9714 1440
26.9726 1440
26.9738 1440
26.975 1440
26.9762 1440
26.9774 1440
26.9786 1440
26.9798 1440
26.9809 1440
26.9821 1440
26.9833 1440
26.9845 1440
26.9857 1440
26.9869 1440
26.9881 1440
26.9893 1440
26.9905 1440
26.9917 1440
26.9929 1440
26.9941 1440
26.9953 1440
26.9965 1440
26.9977 1440
26.9989 1440
27.0001 1440
27.0013 1440
27.0025 1440
27.0037 1440
27.0049 1440
27.006 1440
27.0072 1440
27.0084 1440
27.0096 1440
27.0108 1440
27.012 1440
27.0132 1440
27.2013 1440
27.2025 1440
27.2037 1440
27.2049 1440
27.2141 1440
27.2153 1440
27.2165 1440
27.2177 1440
27.2188 1440
27.22 1440
27.2212 1440
27.2224 1440
27.2236 1440
27.2248 1440
27.226 1440
27.2272 1440
27.2284 1440
27.2296 1440
27.2308 1440
27.232 1440
27.2332 1440
27.2344 1440
27.2356 1440
27.2368 1440
27.238 1440
27.2392 1440
27.2404 1440
27.2416 1440
27.2428 1440
27.2439 1440
27.2451 1440
27.2463 1440
27.2475 1440
27.2487 1440
27.2499 1440
27.2511 1440
27.2523 1440
27.2535 1440
27.2547 1440
27.2559 1440
27.4439 1440
27.4451 1440
27.4463 1440
27.4475 1440
27.4567 1440
27.4579 1440
27.4591 1440
27.4603 1440
27.4615 1440
27.4627 1440
27.4639 1440
27.4651 1440
27.4663 1440
27.4675 1440
27.4687 1440
27.4699 1440
27.4711 1440
27.4723 1440
27.4735 1440
27.4747 1440
27.4759 1440
27.4771 1440
27.4783 1440
27.4795 1440
27.4807 1440
27.4818 1440
27.483 1440
27.4842 1440
27.4854 1440
27.4866 1440
27.4878 1440
27.489 1440
27.4902 1440
27.4914 1440
27.4926 1440
27.4938 1440
27.495 1440
27.4962 1440
27.4974 1440
27.4986 1440
27.4998 1440
27.6866 1440
27.6878 1440
27.689 1440
27.6902 1440
27.6994 1440
27.7006 1440
27.7018 1440
27.703 1440
27.7042 1440
27.7054 1440
27.7066 1440
27.7078 1440
27.709 1440
27.7102 1440
27.7114 1440
27.7126 1440
27.7138 1440
27.715 1440
27.7162 1440
27.7174 1440
27.7186 1440
27.7197 1440
27.7209 1440
27.7221 1440
27.7233 1440
27.7245 1440
27.7257 1440
27.7269 1440
27.7281 1440
27.7293 1440
27.7305 1440
27.7317 1440
27.7329 1440
27.7341 1440
27.7353 1440
27.7365 1440
27.7377 1440
27.7389 1440
27.7401 1440
27.7413 1440
27.9281 1440
27.9293 1440
27.9305 1440
27.9317 1440
27.9409 1440
27.9421 1440
27.9433 1440
27.9445 1440
27.9457 1440
27.9469 1440
27.9481 1440
27.9493 1440
27.9505 1440
27.9517 1440
27.9529 1440
27.9541 1440
27.9553 1440
27.9565 1440
27.9576 1440
27.9588 1440
27.96 1440
27.9612 1440
27.9624 1440
27.9636 1440
27.9648 1440
27.966 1440
27.9672 1440
27.9684 1440
27.9696 1440
27.9708 1440
27.972 1440
27.9732 1440
27.9744 1440
27.9756 1440
27.9768 1440
27.978 1440
27.9792 1440
27.9804 1440
27.9816 1440
27.9827 1440
27.9839 1440
28.1696 1440
28.1708 1440
28.172 1440
28.1732 1440
28.1824 1440
28.1836 1440
28.1848 1440
28.186 1440
28.1872 1440
28.1884 1440
28.1896 1440
28.1908 1440
28.192 1440
28.1932 1440
28.1944 1440
28.1955 1440
28.1967 1440
28.1979 1440
28.1991 1440
28.2003 1440
28.2015 1440
28.2027 1440
28.2039 1440
28.2051 1440
28.2063 1440
28.2075 1440
28.2087 1440
28.2099 1440
28.2111 1440
28.2123 1440
28.2135 1440
28.2147 1440
28.2159 1440
28.2171 1440
28.2183 1440
28.2195 1440
28.2206 1440
28.2218 1440
28.223 1440
28.2242 1440
28.2254 1440
28.2266 1440
28.4123 1440
28.4135 1440
28.4147 1440
28.4159 1440
28.4251 1440
28.4263 1440
28.4275 1440
28.4287 1440
28.4299 1440
28.4311 1440
28.4323 1440
28.4334 1440
28.4346 1440
28.4358 1440
28.437 1440
28.4382 1440
28.4394 1440
28.4406 1440
28.4418 1440
28.443 1440
28.4442 1440
28.4454 1440
28.4466 1440
28.4478 1440
28.449 1440
28.4502 1440
28.4514 1440
28.4526 1440
28.4538 1440
28.455 1440
28.4562 1440
28.4574 1440
28.4585 1440
28.4597 1440
28.4609 1440
28.4621 1440
28.4633 1440
28.4645 1440
28.4657 1440
28.4669 1440
28.4681 1440
28.4693 1440
28.4705 1440
28.655 1440
28.6562 1440
28.6574 1440
28.6585 1440
28.6678 1440
28.669 1440
28.6702 1440
28.6713 1440
28.6725 1440
28.6737 1440
28.6749 1440
28.6761 1440
28.6773 1440
28.6785 1440
28.6797 1440
28.6809 1440
28.6821 1440
28.6833 1440
28.6845 1440
28.6857 1440
28.6869 1440
28.6881 1440
28.6893 1440
28.6905 1440
28.6917 1440
28.6929 1440
28.6941 1440
28.6953 1440
28.6964 1440
28.6976 1440
28.6988 1440
28.7 1440
28.7012 1440
28.7024 1440
28.7036 1440
28.7048 1440
28.706 1440
28.7072 1440
28.7084 1440
28.7096 1440
28.7108 1440
28.712 1440
28.8964 1440
28.8976 1440
28.8988 1440
28.9 1440
28.9093 1440
28.9104 1440
28.9116 1440
28.9128 1440
28.914 1440
28.9152 1440
28.9164 1440
28.9176 1440
28.9188 1440
28.92 1440
28.9212 1440
28.9224 1440
28.9236 1440
28.9248 1440
28.926 1440
28.9272 1440
28.9284 1440
28.9296 1440
28.9308 1440
28.932 1440
28.9332 1440
28.9343 1440
28.9355 1440
28.9367 1440
28.9379 1440
28.9391 1440
28.9403 1440
28.9415 1440
28.9427 1440
28.9439 1440
28.9451 1440
28.9463 1440
28.9475 1440
28.9487 1440
28.9499 1440
28.9511 1440
28.9523 1440
28.9535 1440
29.1379 1440
29.1391 1440
29.1403 1440
29.1415 1440
29.1507 1440
29.1519 1440
29.1531 1440
29.1543 1440
29.1555 1440
29.1567 1440
29.1579 1440
29.1591 1440
29.1603 1440
29.1615 1440
29.1627 1440
29.1639 1440
29.1651 1440
29.1663 1440
29.1675 1440
29.1687 1440
29.1699 1440
29.1711 1440
29.1722 1440
29.1734 1440
29.1746 1440
29.1758 1440
29.177 1440
29.1782 1440
29.1794 1440
29.1806 1440
29.1818 1440
29.183 1440
29.1842 1440
29.1854 1440
29.1866 1440
29.1878 1440
29.189 1440
29.1902 1440
29.1914 1440
29.1926 1440
29.1938 1440
29.195 1440
29.3794 1440
29.3806 1440
29.3818 1440
29.383 1440
29.4173 1440
29.4185 1440
29.4197 1440
29.4209 1440
29.4221 1440
29.4233 1440
29.4245 1440
29.4257 1440
29.4269 1440
29.4281 1440
29.4293 1440
29.4305 1440
29.4317 1440
29.4329 1440
29.4341 1440
29.4353 1440
29.4365 1440
29.6209 1440
29.6221 1440
29.6233 1440
29.6245 1440
29.66 1440
29.6612 1440
29.6624 1440
29.6636 1440
29.6648 1440
29.666 1440
29.6672 1440
29.6684 1440
29.6696 1440
29.6708 1440
29.672 1440
29.6732 1440
29.6744 1440
29.6755 1440
29.6767 1440
29.6779 1440
29.8624 1440
29.8636 1440
29.8648 1440
29.866 1440
29.9015 1440
29.9027 1440
29.9039 1440
29.9051 1440
29.9063 1440
29.9075 1440
29.9087 1440
29.9099 1440
29.9111 1440
29.9123 1440
29.9134 1440
29.9146 1440
29.9158 1440
29.917 1440
29.9182 1440
29.9194 1440
30.1039 1440
30.1051 1440
30.1063 1440
30.1075 1440
30.143 1440
30.1442 1440
30.1454 1440
30.1466 1440
30.1478 1440
30.149 1440
30.1502 1440
30.1513 1440
30.1525 1440
30.1537 1440
30.1549 1440
30.1561 1440
30.1573 1440
30.1585 1440
30.1597 1440
30.1609 1440
30.1621 1440
30.3454 1440
30.3466 1440
30.3478 1440
30.349 1440
30.3845 1440
30.3857 1440
30.3869 1440
30.3881 1440
30.3892 1440
30.3904 1440
30.3916 1440
30.3928 1440
30.394 1440
30.3952 1440
30.3964 1440
30.3976 1440
30.3988 1440
30.4 1440
30.4012 1440
30.4024 1440
30.4036 1440
30.4048 1440
30.5881 1440
30.5893 1440
30.5905 1440
30.5916 1440
30.6271 1440
30.6283 1440
30.6295 1440
30.6307 1440
30.6319 1440
30.6331 1440
30.6343 1440
30.6355 1440
30.6367 1440
30.6379 1440
30.6391 1440
30.6403 1440
30.6415 1440
30.6427 1440
30.6439 1440
30.6451 1440
30.6463 1440
30.6475 1440
30.6487 1440
30.8316 1440
30.8328 1440
30.834 1440
30.8352 1440
30.8698 1440
30.871 1440
30.8722 1440
30.8734 1440
30.8746 1440
30.8758 1440
30.877 1440
30.8782 1440
30.8794 1440
30.8806 1440
30.8818 1440
30.883 1440
30.8842 1440
30.8854 1440
30.8866 1440
30.8878 1440
30.889 1440
30.8901 1440
31.0731 1440
31.0743 1440
31.0755 1440
31.0767 1440
31.1113 1440
31.1125 1440
31.1137 1440
31.1149 1440
31.1161 1440
31.1173 1440
31.1185 1440
31.1197 1440
31.1209 1440
31.1221 1440
31.1233 1440
31.1245 1440
31.1257 1440
31.1269 1440
31.128 1440
31.1292 1440
31.1304 1440
31.1316 1440
31.1328 1440
31.3158 1440
31.317 1440
31.3182 1440
31.3194 1440
31.3528 1440
31.354 1440
31.3552 1440
31.3564 1440
31.3576 1440
31.3588 1440
31.36 1440
31.3612 1440
31.3624 1440
31.3636 1440
31.3648 1440
31.366 1440
31.3671 1440
31.3683 1440
31.3695 1440
31.3707 1440
31.3719 1440
31.3731 1440
31.3743 1440
31.3755 1440
31.5584 1440
31.5596 1440
31.5608 1440
31.562 1440
31.5955 1440
31.5967 1440
31.5979 1440
31.5991 1440
31.6003 1440
31.6015 1440
31.6027 1440
31.6039 1440
31.605 1440
31.6062 1440
31.6074 1440
31.6086 1440
31.6098 1440
31.611 1440
31.6122 1440
31.6134 1440
31.6146 1440
31.6158 1440
31.617 1440
31.6182 1440
31.6194 1440
31.8023 1440
31.8035 1440
31.8047 1440
31.8059 1440
31.8382 1440
31.8394 1440
31.8406 1440
31.8418 1440
31.8429 1440
31.8441 1440
31.8453 1440
31.8465 1440
31.8477 1440
31.8489 1440
31.8501 1440
31.8513 1440
31.8525 1440
31.8537 1440
31.8549 1440
31.8561 1440
31.8573 1440
31.8585 1440
31.8597 1440
31.8609 1440
32.0438 1440
32.045 1440
32.0462 1440
32.0474 1440
32.0797 1440
32.0808 1440
32.082 1440
32.0832 1440
32.0844 1440
32.0856 1440
32.0868 1440
32.088 1440
32.0892 1440
32.0904 1440
32.0916 1440
32.0928 1440
32.094 1440
32.0952 1440
32.0964 1440
32.0976 1440
32.0988 1440
32.1 1440
32.1012 1440
32.1024 1440
32.1036 1440
32.2865 1440
32.2877 1440
32.2889 1440
32.2901 1440
32.3211 1440
32.3223 1440
32.3235 1440
32.3247 1440
32.3259 1440
32.3271 1440
32.3283 1440
32.3295 1440
32.3307 1440
32.3319 1440
32.3331 1440
32.3343 1440
32.3355 1440
32.3367 1440
32.3379 1440
32.3391 1440
32.3403 1440
32.3415 1440
32.3427 1440
32.3438 1440
32.345 1440
32.3462 1440
32.5292 1440
32.5304 1440
32.5316 1440
32.5328 1440
32.5638 1440
32.565 1440
32.5662 1440
32.5674 1440
32.5686 1440
32.5698 1440
32.571 1440
32.5722 1440
32.5734 1440
32.5746 1440
32.5758 1440
32.577 1440
32.5782 1440
32.5794 1440
32.5806 1440
32.5817 1440
32.5829 1440
32.5841 1440
32.5853 1440
32.5865 1440
32.5877 1440
32.5889 1440
32.5901 1440
32.7731 1440
32.7742 1440
32.7754 1440
32.7766 1440
32.8065 1440
32.8077 1440
32.8089 1440
32.8101 1440
32.8113 1440
32.8125 1440
32.8137 1440
32.8149 1440
32.8161 1440
32.8173 1440
32.8185 1440
32.8196 1440
32.8208 1440
32.822 1440
32.8232 1440
32.8244 1440
32.8256 1440
32.8268 1440
32.828 1440
32.8292 1440
32.8304 1440
32.8316 1440
33.0169 1440
33.0181 1440
33.0193 1440
33.0205 1440
33.048 1440
33.0492 1440
33.0504 1440
33.0516 1440
33.0528 1440
33.054 1440
33.0552 1440
33.0564 1440
33.0575 1440
33.0587 1440
33.0599 1440
33.0611 1440
33.0623 1440
33.0635 1440
33.0647 1440
33.0659 1440
33.0671 1440
33.0683 1440
33.0695 1440
33.0707 1440
33.0719 1440
33.0731 1440
33.2584 1440
33.2596 1440
33.2608 1440
33.262 1440
33.2632 1440
33.2895 1440
33.2907 1440
33.2919 1440
33.2931 1440
33.2943 1440
33.2954 1440
33.2966 1440
33.2978 1440
33.299 1440
33.3002 1440
33.3014 1440
33.3026 1440
33.3038 1440
33.305 1440
33.3062 1440
33.3074 1440
33.3086 1440
33.3098 1440
33.311 1440
33.3122 1440
33.3134 1440
33.3146 1440
33.5023 1440
33.5035 1440
33.5047 1440
33.5059 1440
33.5071 1440
33.5083 1440
33.5322 1440
33.5333 1440
33.5345 1440
33.5357 1440
33.5369 1440
33.5381 1440
33.5393 1440
33.5405 1440
33.5417 1440
33.5429 1440
33.5441 1440
33.5453 1440
33.5465 1440
33.5477 1440
33.5489 1440
33.5501 1440
33.5513 1440
33.5525 1440
33.5537 1440
33.5549 1440
33.5561 1440
33.5573 1440
33.745 1440
33.7462 1440
33.7474 1440
33.7486 1440
33.7498 1440
33.7509 1440
33.7521 1440
33.7748 1440
33.776 1440
33.7772 1440
33.7784 1440
33.7796 1440
33.7808 1440
33.782 1440
33.7832 1440
33.7844 1440
33.7856 1440
33.7868 1440
33.788 1440
33.7892 1440
33.7904 1440
33.7916 1440
33.7928 1440
33.794 1440
33.7952 1440
33.7963 1440
33.7975 1440
33.7987 1440
33.7999 1440
33.9877 1440
33.9888 1440
33.99 1440
33.9912 1440
33.9924 1440
33.9936 1440
34.0163 1440
34.0175 1440
34.0187 1440
34.0199 1440
34.0211 1440
34.0223 1440
34.0235 1440
34.0247 1440
34.0259 1440
34.0271 1440
34.0283 1440
34.0295 1440
34.0307 1440
34.0319 1440
34.0331 1440
34.0342 1440
34.0354 1440
34.0366 1440
34.0378 1440
34.039 1440
34.0402 1440
34.0414 1440
34.2291 1440
34.2303 1440
34.2315 1440
34.2327 1440
34.2339 1440
34.2351 1440
34.2578 1440
34.259 1440
34.2602 1440
34.2614 1440
34.2626 1440
34.2638 1440
34.265 1440
34.2662 1440
34.2674 1440
34.2686 1440
34.2698 1440
34.271 1440
34.2721 1440
34.2733 1440
34.2745 1440
34.2757 1440
34.2769 1440
34.2781 1440
34.2793 1440
34.2805 1440
34.2817 1440
34.2829 1440
34.2841 1440
34.4706 1440
34.4718 1440
34.473 1440
34.4742 1440
34.4754 1440
34.4766 1440
34.4993 1440
34.5005 1440
34.5017 1440
34.5029 1440
34.5041 1440
34.5053 1440
34.5065 1440
34.5077 1440
34.5089 1440
34.5101 1440
34.5112 1440
34.5124 1440
34.5136 1440
34.5148 1440
34.516 1440
34.5172 1440
34.5184 1440
34.5196 1440
34.5208 1440
34.522 1440
34.5232 1440
34.5244 1440
34.5256 1440
34.5268 1440
34.7133 1440
34.7145 1440
34.7157 1440
34.7169 1440
34.7181 1440
34.7193 1440
34.742 1440
34.7432 1440
34.7444 1440
34.7456 1440
34.7468 1440
34.748 1440
34.7491 1440
34.7503 1440
34.7515 1440
34.7527 1440
34.7539 1440
34.7551 1440
34.7563 1440
34.7575 1440
34.7587 1440
34.7599 1440
34.7611 1440
34.7623 1440
34.7635 1440
34.7647 1440
34.7659 1440
34.7671 1440
34.7683 1440
34.7695 1440
34.7707 1440
34.956 1440
34.9572 1440
34.9584 1440
34.9596 1440
34.9608 1440
34.962 1440
34.9847 1440
34.9859 1440
34.987 1440
34.9882 1440
34.9894 1440
34.9906 1440
34.9918 1440
34.993 1440
34.9942 1440
34.9954 1440
34.9966 1440
34.9978 1440
34.999 1440
35.0002 1440
35.0014 1440
35.0026 1440
35.0038 1440
35.005 1440
35.0062 1440
35.0074 1440
35.0086 1440
35.0098 1440
35.011 1440
35.0121 1440
35.1975 1440
35.1987 1440
35.1999 1440
35.2011 1440
35.2023 1440
35.2034 1440
35.2261 1440
35.2273 1440
35.2285 1440
35.2297 1440
35.2309 1440
35.2321 1440
35.2333 1440
35.2345 1440
35.2357 1440
35.2369 1440
35.2381 1440
35.2393 1440
35.2405 1440
35.2417 1440
35.2429 1440
35.2441 1440
35.2453 1440
35.2465 1440
35.2477 1440
35.2489 1440
35.25 1440
35.2512 1440
35.2524 1440
35.2536 1440
35.2548 1440
35.4402 1440
35.4413 1440
35.4425 1440
35.4437 1440
35.4449 1440
35.4461 1440
35.4676 1440
35.4688 1440
35.47 1440
35.4712 1440
35.4724 1440
35.4736 1440
35.4748 1440
35.476 1440
35.4772 1440
35.4784 1440
35.4796 1440
35.4808 1440
35.482 1440
35.4832 1440
35.4844 1440
35.4856 1440
35.4868 1440
35.4879 1440
35.4891 1440
35.4903 1440
35.4915 1440
35.4927 1440
35.4939 1440
35.4951 1440
35.4963 1440
35.4975 1440
35.6828 1440
35.684 1440
35.6852 1440
35.6864 1440
35.6876 1440
35.6888 1440
35.7103 1440
35.7115 1440
35.7127 1440
35.7139 1440
35.7151 1440
35.7163 1440
35.7175 1440
35.7187 1440
35.7199 1440
35.7211 1440
35.7223 1440
35.7235 1440
35.7247 1440
35.7258 1440
35.727 1440
35.7282 1440
35.7294 1440
35.7306 1440
35.7318 1440
35.733 1440
35.7342 1440
35.7354 1440
35.7366 1440
35.7378 1440
35.739 1440
35.7402 1440
35.7414 1440
35.9255 1440
35.9267 1440
35.9279 1440
35.9291 1440
35.9303 1440
35.9315 1440
35.953 1440
35.9542 1440
35.9554 1440
35.9566 1440
35.9578 1440
35.959 1440
35.9602 1440
35.9614 1440
35.9626 1440
35.9637 1440
35.9649 1440
35.9661 1440
35.9673 1440
35.9685 1440
35.9697 1440
35.9709 1440
35.9721 1440
35.9733 1440
35.9745 1440
35.9757 1440
35.9769 1440
35.9781 1440
35.9793 1440
35.9805 1440
35.9817 1440
35.9829 1440
36.1682 1440
36.1694 1440
36.1706 1440
36.1718 1440
36.173 1440
36.1742 1440
36.1945 1440
36.1957 1440
36.1969 1440
36.1981 1440
36.1993 1440
36.2005 1440
36.2016 1440
36.2028 1440
36.204 1440
36.2052 1440
36.2064 1440
36.2076 1440
36.2088 1440
36.21 1440
36.2112 1440
36.2124 1440
36.2136 1440
36.2148 1440
36.216 1440
36.2172 1440
36.2184 1440
36.2196 1440
36.2208 1440
36.222 1440
36.2232 1440
36.2244 1440
36.2256 1440
36.4121 1440
36.4133 1440
36.4145 1440
36.4157 1440
36.4169 1440
36.4181 1440
36.436 1440
36.4372 1440
36.4384 1440
36.4395 1440
36.4407 1440
36.4419 1440
36.4431 1440
36.4443 1440
36.4455 1440
36.4467 1440
36.4479 1440
36.4491 1440
36.4503 1440
36.4515 1440
36.4527 1440
36.4539 1440
36.4551 1440
36.4563 1440
36.4575 1440
36.4587 1440
36.4599 1440
36.4611 1440
36.4623 1440
36.4635 1440
36.4646 1440
36.4658 1440
36.467 1440
36.4682 1440
36.6548 1440
36.656 1440
36.6571 1440
36.6583 1440
36.6595 1440
36.6607 1440
36.6786 1440
36.6798 1440
36.681 1440
36.6822 1440
36.6834 1440
36.6846 1440
36.6858 1440
36.687 1440
36.6882 1440
36.6894 1440
36.6906 1440
36.6918 1440
36.693 1440
36.6942 1440
36.6954 1440
36.6966 1440
36.6978 1440
36.699 1440
36.7002 1440
36.7014 1440
36.7025 1440
36.7037 1440
36.7049 1440
36.7061 1440
36.7073 1440
36.7085 1440
36.7097 1440
36.7109 1440
36.7121 1440
36.8974 1440
36.8986 1440
36.8998 1440
36.901 1440
36.9022 1440
36.9034 1440
36.9213 1440
36.9225 1440
36.9237 1440
36.9249 1440
36.9261 1440
36.9273 1440
36.9285 1440
36.9297 1440
36.9309 1440
36.9321 1440
36.9333 1440
36.9345 1440
36.9357 1440
36.9369 1440
36.9381 1440
36.9393 1440
36.9404 1440
36.9416 1440
36.9428 1440
36.944 1440
36.9452 1440
36.9464 1440
36.9476 1440
36.9488 1440
36.95 1440
36.9512 1440
36.9524 1440
36.9536 1440
37.1389 1440
37.1401 1440
37.1413 1440
37.1425 1440
37.1437 1440
37.1449 1440
37.1628 1440
37.164 1440
37.1652 1440
37.1664 1440
37.1676 1440
37.1688 1440
37.17 1440
37.1712 1440
37.1724 1440
37.1736 1440
37.1748 1440
37.176 1440
37.1772 1440
37.1783 1440
37.1795 1440
37.1807 1440
37.1819 1440
37.1831 1440
37.1843 1440
37.1855 1440
37.1867 1440
37.1879 1440
37.1891 1440
37.1903 1440
37.1915 1440
37.1927 1440
37.1939 1440
37.1951 1440
37.1963 1440
37.3816 1440
37.3828 1440
37.384 1440
37.3852 1440
37.3864 1440
37.3876 1440
37.4043 1440
37.4055 1440
37.4067 1440
37.4079 1440
37.4091 1440
37.4103 1440
37.4115 1440
37.4127 1440
37.4139 1440
37.4151 1440
37.4162 1440
37.4174 1440
37.4186 1440
37.4198 1440
37.421 1440
37.4222 1440
37.4234 1440
37.4246 1440
37.4258 1440
37.427 1440
37.4282 1440
37.4294 1440
37.4306 1440
37.4318 1440
37.433 1440
37.4342 1440
37.4354 1440
37.4366 1440
37.4378 1440
37.439 1440
37.6255 1440
37.6267 1440
37.6279 1440
37.6291 1440
37.6303 1440
37.6315 1440
37.647 1440
37.6482 1440
37.6494 1440
37.6506 1440
37.6518 1440
37.653 1440
37.6542 1440
37.6553 1440
37.6565 1440
37.6577 1440
37.6589 1440
37.6601 1440
37.6613 1440
37.6625 1440
37.6637 1440
37.6649 1440
37.6661 1440
37.6673 1440
37.6685 1440
37.6697 1440
37.6709 1440
37.6721 1440
37.6733 1440
37.6745 1440
37.6757 1440
37.6769 1440
37.6781 1440
37.6792 1440
37.6804 1440
37.6816 1440
37.6828 1440
37.8682 1440
37.8694 1440
37.8706 1440
37.8717 1440
37.8729 1440
37.8741 1440
37.8897 1440
37.8909 1440
37.8921 1440
37.8932 1440
37.8944 1440
37.8956 1440
37.8968 1440
37.898 1440
37.8992 1440
37.9004 1440
37.9016 1440
37.9028 1440
37.904 1440
37.9052 1440
37.9064 1440
37.9076 1440
37.9088 1440
37.91 1440
37.9112 1440
37.9124 1440
37.9136 1440
37.9148 1440
37.916 1440
37.9171 1440
37.9183 1440
37.9195 1440
37.9207 1440
37.9219 1440
37.9231 1440
37.9243 1440
38.1108 1440
38.112 1440
38.1132 1440
38.1144 1440
38.1156 1440
38.1168 1440
38.1311 1440
38.1323 1440
38.1335 1440
38.1347 1440
38.1359 1440
38.1371 1440
38.1383 1440
38.1395 1440
38.1407 1440
38.1419 1440
38.1431 1440
38.1443 1440
38.1455 1440
38.1467 1440
38.1479 1440
38.1491 1440
38.1503 1440
38.1515 1440
38.1527 1440
38.1539 1440
38.1551 1440
38.1562 1440
38.1574 1440
38.1586 1440
38.1598 1440
38.161 1440
38.1622 1440
38.1634 1440
38.1646 1440
38.1658 1440
38.3535 1440
38.3547 1440
38.3559 1440
38.3571 1440
38.3583 1440
38.3595 1440
38.3607 1440
38.3726 1440
38.3738 1440
38.375 1440
38.3762 1440
38.3774 1440
38.3786 1440
38.3798 1440
38.381 1440
38.3822 1440
38.3834 1440
38.3846 1440
38.3858 1440
38.387 1440
38.3882 1440
38.3894 1440
38.3906 1440
38.3918 1440
38.393 1440
38.3941 1440
38.3953 1440
38.3965 1440
38.3977 1440
38.3989 1440
38.4001 1440
38.4013 1440
38.4025 1440
38.4037 1440
38.4049 1440
38.4061 1440
38.4073 1440
38.595 1440
38.5962 1440
38.5974 1440
38.5986 1440
38.5998 1440
38.601 1440
38.6022 1440
38.6034 1440
38.6153 1440
38.6165 1440
38.6177 1440
38.6189 1440
38.6201 1440
38.6213 1440
38.6225 1440
38.6237 1440
38.6249 1440
38.6261 1440
38.6273 1440
38.6285 1440
38.6297 1440
38.6309 1440
38.632 1440
38.6332 1440
38.6344 1440
38.6356 1440
38.6368 1440
38.638 1440
38.6392 1440
38.6404 1440
38.6416 1440
38.6428 1440
38.644 1440
38.6452 1440
38.6464 1440
38.6476 1440
38.6488 1440
38.65 1440
38.8377 1440
38.8389 1440
38.8401 1440
38.8413 1440
38.8425 1440
38.8437 1440
38.8449 1440
38.8461 1440
38.8473 1440
38.858 1440
38.8592 1440
38.8604 1440
38.8616 1440
38.8628 1440
38.864 1440
38.8652 1440
38.8664 1440
38.8676 1440
38.8688 1440
38.8699 1440
38.8711 1440
38.8723 1440
38.8735 1440
38.8747 1440
38.8759 1440
38.8771 1440
38.8783 1440
38.8795 1440
38.8807 1440
38.8819 1440
38.8831 1440
38.8843 1440
38.8855 1440
38.8867 1440
38.8879 1440
38.8891 1440
38.8903 1440
38.8915 1440
38.8927 1440
39.0804 1440
39.0816 1440
39.0828 1440
39.084 1440
39.0852 1440
39.0864 1440
39.0876 1440
39.0887 1440
39.0995 1440
39.1007 1440
39.1019 1440
39.1031 1440
39.1043 1440
39.1055 1440
39.1067 1440
39.1078 1440
39.109 1440
39.1102 1440
39.1114 1440
39.1126 1440
39.1138 1440
39.115 1440
39.1162 1440
39.1174 1440
39.1186 1440
39.1198 1440
39.121 1440
39.1222 1440
39.1234 1440
39.1246 1440
39.1258 1440
39.127 1440
39.1282 1440
39.1294 1440
39.1306 1440
39.1318 1440
39.1329 1440
39.1341 1440
39.3243 1440
39.3255 1440
39.3266 1440
39.3278 1440
39.329 1440
39.3302 1440
39.3314 1440
39.3326 1440
39.341 1440
39.3422 1440
39.3434 1440
39.3446 1440
39.3457 1440
39.3469 1440
39.3481 1440
39.3493 1440
39.3505 1440
39.3517 1440
39.3529 1440
39.3541 1440
39.3553 1440
39.3565 1440
39.3577 1440
39.3589 1440
39.3601 1440
39.3613 1440
39.3625 1440
39.3637 1440
39.3649 1440
39.3661 1440
39.3673 1440
39.3685 1440
39.3697 1440
39.3708 1440
39.372 1440
39.3732 1440
39.3744 1440
39.3756 1440
39.3768 1440
39.5669 1440
39.5681 1440
39.5693 1440
39.5705 1440
39.5717 1440
39.5729 1440
39.5741 1440
39.5753 1440
39.5825 1440
39.5836 1440
39.5848 1440
39.586 1440
39.5872 1440
39.5884 1440
39.5896 1440
39.5908 1440
39.592 1440
39.5932 1440
39.5944 1440
39.5956 1440
39.5968 1440
39.598 1440
39.5992 1440
39.6004 1440
39.6016 1440
39.6028 1440
39.604 1440
39.6052 1440
39.6064 1440
39.6076 1440
39.6087 1440
39.6099 1440
39.6111 1440
39.6123 1440
39.6135 1440
39.6147 1440
39.6159 1440
39.6171 1440
39.6183 1440
39.6195 1440
39.8108 1440
39.812 1440
39.8132 1440
39.8144 1440
39.8156 1440
39.8168 1440
39.818 1440
39.8192 1440
39.8251 1440
39.8263 1440
39.8275 1440
39.8287 1440
39.8299 1440
39.8311 1440
39.8323 1440
39.8335 1440
39.8347 1440
39.8359 1440
39.8371 1440
39.8383 1440
39.8395 1440
39.8407 1440
39.8419 1440
39.8431 1440
39.8443 1440
39.8455 1440
39.8466 1440
39.8478 1440
39.849 1440
39.8502 1440
39.8514 1440
39.8526 1440
39.8538 1440
39.855 1440
39.8562 1440
39.8574 1440
39.8586 1440
39.8598 1440
39.861 1440
39.8622 1440
39.8634 1440
40.0535 1440
40.0547 1440
40.0559 1440
40.0571 1440
40.0583 1440
40.0595 1440
40.0607 1440
40.0619 1440
40.0678 1440
40.069 1440
40.0702 1440
40.0714 1440
40.0726 1440
40.0738 1440
40.075 1440
40.0762 1440
40.0774 1440
40.0786 1440
40.0798 1440
40.081 1440
40.0822 1440
40.0834 1440
40.0845 1440
40.0857 1440
40.0869 1440
40.0881 1440
40.0893 1440
40.0905 1440
40.0917 1440
40.0929 1440
40.0941 1440
40.0953 1440
40.0965 1440
40.0977 1440
40.0989 1440
40.1001 1440
40.1013 1440
40.1025 1440
40.1037 1440
40.1049 1440
40.2974 1440
40.2986 1440
40.2998 1440
40.301 1440
40.3022 1440
40.3033 1440
40.3045 1440
40.3057 1440
40.3093 1440
40.3105 1440
40.3117 1440
40.3129 1440
40.3141 1440
40.3153 1440
40.3165 1440
40.3177 1440
40.3189 1440
40.3201 1440
40.3213 1440
40.3224 1440
40.3236 1440
40.3248 1440
40.326 1440
40.3272 1440
40.3284 1440
40.3296 1440
40.3308 1440
40.332 1440
40.3332 1440
40.3344 1440
40.3356 1440
40.3368 1440
40.338 1440
40.3392 1440
40.3404 1440
40.3416 1440
40.3428 1440
40.344 1440
40.3452 1440
40.3464 1440
40.3475 1440
40.5412 1440
40.5424 1440
40.5436 1440
40.5448 1440
40.546 1440
40.5472 1440
40.5484 1440
40.5496 1440
40.5508 1440
40.552 1440
40.5532 1440
40.5544 1440
40.5556 1440
40.5568 1440
40.558 1440
40.5592 1440
40.5604 1440
40.5616 1440
40.5628 1440
40.564 1440
40.5652 1440
40.5663 1440
40.5675 1440
40.5687 1440
40.5699 1440
40.5711 1440
40.5723 1440
40.5735 1440
40.5747 1440
40.5759 1440
40.5771 1440
40.5783 1440
40.5795 1440
40.5807 1440
40.5819 1440
40.5831 1440
40.5843 1440
40.5855 1440
40.5867 1440
40.5879 1440
40.5891 1440
40.5903 1440
40.7839 1440
40.7863 1440
40.7875 1440
40.7887 1440
40.7899 1440
40.7911 1440
40.7923 1440
40.7935 1440
40.7947 1440
40.7959 1440
40.7971 1440
40.7983 1440
40.7995 1440
40.8007 1440
40.8019 1440
40.8031 1440
40.8042 1440
40.8054 1440
40.8066 1440
40.8078 1440
40.809 1440
40.8102 1440
40.8114 1440
40.8126 1440
40.8138 1440
40.815 1440
40.8162 1440
40.8174 1440
40.8186 1440
40.8198 1440
40.821 1440
40.8222 1440
40.8234 1440
40.8246 1440
40.8258 1440
40.827 1440
40.8282 1440
40.8293 1440
40.8305 1440
40.8317 1440
40.8329 1440
40.8341 1440
41.0278 1440
41.029 1440
41.0302 1440
41.0314 1440
41.0577 1440
41.0589 1440
41.0601 1440
41.0613 1440
41.0625 1440
41.0637 1440
41.0649 1440
41.0661 1440
41.0673 1440
41.0685 1440
41.0696 1440
41.0708 1440
41.072 1440
41.0732 1440
41.0744 1440
41.0756 1440
41.2705 1440
41.2717 1440
41.2729 1440
41.2741 1440
41.3004 1440
41.3016 1440
41.3028 1440
41.304 1440
41.3052 1440
41.3064 1440
41.3075 1440
41.3087 1440
41.3099 1440
41.3111 1440
41.3123 1440
41.3135 1440
41.3147 1440
41.3159 1440
41.3171 1440
41.3183 1440
41.5156 1440
41.5168 1440
41.518 1440
41.5191 1440
41.5431 1440
41.5443 1440
41.5454 1440
41.5466 1440
41.5478 1440
41.549 1440
41.5502 1440
41.5514 1440
41.5526 1440
41.5538 1440
41.555 1440
41.5562 1440
41.5574 1440
41.5586 1440
41.5598 1440
41.561 1440
41.5622 1440
41.7594 1440
41.7606 1440
41.7618 1440
41.763 1440
41.7857 1440
41.7869 1440
41.7881 1440
41.7893 1440
41.7905 1440
41.7917 1440
41.7929 1440
41.7941 1440
41.7953 1440
41.7965 1440
41.7977 1440
41.7989 1440
41.8001 1440
41.8013 1440
41.8025 1440
41.8037 1440
42.0021 1440
42.0033 1440
42.0045 1440
42.0057 1440
42.0272 1440
42.0284 1440
42.0296 1440
42.0308 1440
42.032 1440
42.0332 1440
42.0344 1440
42.0356 1440
42.0368 1440
42.038 1440
42.0392 1440
42.0404 1440
42.0416 1440
42.0428 1440
42.044 1440
42.0452 1440
42.0463 1440
42.2472 1440
42.2484 1440
42.2496 1440
42.2508 1440
42.2687 1440
42.2699 1440
42.2711 1440
42.2723 1440
42.2735 1440
42.2747 1440
42.2759 1440
42.2771 1440
42.2783 1440
42.2795 1440
42.2807 1440
42.2819 1440
42.2831 1440
42.2842 1440
42.2854 1440
42.2866 1440
42.2878 1440
42.289 1440
42.4911 1440
42.4923 1440
42.4935 1440
42.4947 1440
42.5114 1440
42.5126 1440
42.5138 1440
42.515 1440
42.5162 1440
42.5174 1440
42.5186 1440
42.5198 1440
42.521 1440
42.5221 1440
42.5233 1440
42.5245 1440
42.5257 1440
42.5269 1440
42.5281 1440
42.5293 1440
42.5305 1440
42.5317 1440
42.5329 1440
42.7349 1440
42.7361 1440
42.7373 1440
42.7385 1440
42.7541 1440
42.7553 1440
42.7565 1440
42.7577 1440
42.7589 1440
42.76 1440
42.7612 1440
42.7624 1440
42.7636 1440
42.7648 1440
42.766 1440
42.7672 1440
42.7684 1440
42.7696 1440
42.7708 1440
42.772 1440
42.7732 1440
42.7744 1440
42.9776 1440
42.9788 1440
42.98 1440
42.9812 1440
42.9824 1440
42.9968 1440
42.9979 1440
42.9991 1440
43.0003 1440
43.0015 1440
43.0027 1440
43.0039 1440
43.0051 1440
43.0063 1440
43.0075 1440
43.0087 1440
43.0099 1440
43.0111 1440
43.0123 1440
43.0135 1440
43.0147 1440
43.0159 1440
43.0171 1440
43.0183 1440
43.2227 1440
43.2239 1440
43.2251 1440
43.2263 1440
43.2382 1440
43.2394 1440
43.2406 1440
43.2418 1440
43.243 1440
43.2442 1440
43.2454 1440
43.2466 1440
43.2478 1440
43.249 1440
43.2502 1440
43.2514 1440
43.2526 1440
43.2538 1440
43.255 1440
43.2562 1440
43.2574 1440
43.2586 1440
43.2598 1440
43.2609 1440
43.4666 1440
43.4678 1440
43.469 1440
43.4702 1440
43.4809 1440
43.4821 1440
43.4833 1440
43.4845 1440
43.4857 1440
43.4869 1440
43.4881 1440
43.4893 1440
43.4905 1440
43.4917 1440
43.4929 1440
43.4941 1440
43.4953 1440
43.4965 1440
43.4977 1440
43.4988 1440
43.5 1440
43.5012 1440
43.5024 1440
43.5036 1440
43.5048 1440
43.7093 1440
43.7104 1440
43.7116 1440
43.7128 1440
43.7236 1440
43.7248 1440
43.726 1440
43.7272 1440
43.7284 1440
43.7296 1440
43.7308 1440
43.732 1440
43.7332 1440
43.7344 1440
43.7356 1440
43.7368 1440
43.7379 1440
43.7391 1440
43.7403 1440
43.7415 1440
43.7427 1440
43.7439 1440
43.7451 1440
43.7463 1440
43.9507 1440
43.9543 1440
43.9555 1440
43.9567 1440
43.9579 1440
43.9663 1440
43.9675 1440
43.9687 1440
43.9699 1440
43.9711 1440
43.9723 1440
43.9735 1440
43.9747 1440
43.9758 1440
43.977 1440
43.9782 1440
43.9794 1440
43.9806 1440
43.9818 1440
43.983 1440
43.9842 1440
43.9854 1440
43.9866 1440
43.9878 1440
43.989 1440
43.9902 1440
44.197 1440
44.1982 1440
44.1994 1440
44.2006 1440
44.2078 1440
44.209 1440
44.2102 1440
44.2114 1440
44.2126 1440
44.2137 1440
44.2149 1440
44.2161 1440
44.2173 1440
44.2185 1440
44.2197 1440
44.2209 1440
44.2221 1440
44.2233 1440
44.2245 1440
44.2257 1440
44.2269 1440
44.2281 1440
44.2293 1440
44.2305 1440
44.2317 1440
44.2329 1440
44.4409 1440
44.4421 1440
44.4433 1440
44.4445 1440
44.4505 1440
44.4516 1440
44.4528 1440
44.454 1440
44.4552 1440
44.4564 1440
44.4576 1440
44.4588 1440
44.46 1440
44.4612 1440
44.4624 1440
44.4636 1440
44.4648 1440
44.466 1440
44.4672 1440
44.4684 1440
44.4696 1440
44.4708 1440
44.472 1440
44.4732 1440
44.4744 1440
44.4756 1440
44.4767 1440
44.6836 1440
44.6848 1440
44.686 1440
44.6871 1440
44.6931 1440
44.6943 1440
44.6955 1440
44.6967 1440
44.6979 1440
44.6991 1440
44.7003 1440
44.7015 1440
44.7051 1440
44.7063 1440
44.7075 1440
44.7087 1440
44.7099 1440
44.7111 1440
44.7123 1440
44.7135 1440
44.7146 1440
44.7158 1440
44.717 1440
44.7182 1440
44.7194 1440
44.7206 1440
44.9215 1440
44.9298 1440
44.931 1440
44.9322 1440
44.9334 1440
44.9358 1440
44.937 1440
44.9382 1440
44.9394 1440
44.9406 1440
44.9418 1440
44.943 1440
44.9442 1440
44.9478 1440
44.949 1440
44.9502 1440
44.9514 1440
44.9525 1440
44.9537 1440
44.9549 1440
44.9561 1440
44.9573 1440
44.9585 1440
44.9597 1440
44.9609 1440
44.9621 1440
44.9633 1440
44.9645 1440
45.1713 1440
45.1725 1440
45.1737 1440
45.1749 1440
45.1773 1440
45.1785 1440
45.1797 1440
45.1809 1440
45.1821 1440
45.1833 1440
45.1845 1440
45.1857 1440
45.1893 1440
45.1904 1440
45.1916 1440
45.1928 1440
45.194 1440
45.1952 1440
45.1964 1440
45.1976 1440
45.1988 1440
45.2 1440
45.2012 1440
45.2024 1440
45.2036 1440
45.2048 1440
45.206 1440
45.2072 1440
45.414 1440
45.4152 1440
45.4164 1440
45.4176 1440
45.42 1440
45.4212 1440
45.4224 1440
45.4236 1440
45.4248 1440
45.426 1440
45.4272 1440
45.4283 1440
45.4319 1440
45.4331 1440
45.4343 1440
45.4355 1440
45.4367 1440
45.4379 1440
45.4391 1440
45.4403 1440
45.4415 1440
45.4427 1440
45.4439 1440
45.4451 1440
45.4463 1440
45.4475 1440
45.4487 1440
45.4499 1440
45.6567 1440
45.6579 1440
45.6591 1440
45.6603 1440
45.6615 1440
45.6627 1440
45.6639 1440
45.6651 1440
45.6662 1440
45.6674 1440
45.6686 1440
45.6698 1440
45.671 1440
45.6746 1440
45.6758 1440
45.677 1440
45.6782 1440
45.6794 1440
45.6806 1440
45.6818 1440
45.683 1440
45.6842 1440
45.6854 1440
45.6866 1440
45.6878 1440
45.689 1440
45.6902 1440
45.6913 1440
45.6925 1440
45.8994 1440
45.9006 1440
45.9018 1440
45.9029 1440
45.9041 1440
45.9053 1440
45.9065 1440
45.9077 1440
45.9089 1440
45.9101 1440
45.9113 1440
45.9125 1440
45.9161 1440
45.9173 1440
45.9185 1440
45.9197 1440
45.9209 1440
45.9221 1440
45.9233 1440
45.9245 1440
45.9257 1440
45.9269 1440
45.9281 1440
45.9292 1440
45.9304 1440
45.9316 1440
45.9328 1440
45.934 1440
46.134 1440
46.142 1440
46.1432 1440
46.1444 1440
46.1456 1440
46.1468 1440
46.148 1440
46.1492 1440
46.1504 1440
46.1516 1440
46.1528 1440
46.154 1440
46.1552 1440
46.1564 1440
46.1588 1440
46.16 1440
46.1612 1440
46.1624 1440
46.1636 1440
46.1648 1440
46.166 1440
46.1671 1440
46.1683 1440
46.1695 1440
46.1707 1440
46.1719 1440
46.1731 1440
46.1743 1440
46.1755 1440
46.1767 1440
46.3835 1440
46.3847 1440
46.3859 1440
46.3871 1440
46.3883 1440
46.3895 1440
46.3907 1440
46.3919 1440
46.3931 1440
46.3943 1440
46.3955 1440
46.3967 1440
46.3979 1440
46.3991 1440
46.4015 1440
46.4027 1440
46.4039 1440
46.405 1440
46.4062 1440
46.4074 1440
46.4086 1440
46.4098 1440
46.411 1440
46.4122 1440
46.4134 1440
46.4146 1440
46.4158 1440
46.417 1440
46.4182 1440
46.4194 1440
46.6262 1440
46.6274 1440
46.6286 1440
46.6298 1440
46.631 1440
46.6322 1440
46.6334 1440
46.6346 1440
46.6358 1440
46.637 1440
46.6382 1440
46.6394 1440
46.6406 1440
46.6417 1440
46.6429 1440
46.6441 1440
46.6453 1440
46.6465 1440
46.6477 1440
46.6489 1440
46.6501 1440
46.6513 1440
46.6525 1440
46.6537 1440
46.6549 1440
46.6561 1440
46.6573 1440
46.6585 1440
46.6597 1440
46.6609 1440
46.6621 1440
46.8689 1440
46.8701 1440
46.8713 1440
46.8725 1440
46.8737 1440
46.8749 1440
46.8761 1440
46.8773 1440
46.8785 1440
46.8796 1440
46.8808 1440
46.882 1440
46.8832 1440
46.8844 1440
46.8856 1440
46.8868 1440
46.888 1440
46.8892 1440
46.8904 1440
46.8916 1440
46.8928 1440
46.894 1440
46.8952 1440
46.8964 1440
46.8976 1440
46.8988 1440
46.9 1440
46.9012 1440
46.9024 1440
46.9036 1440
47.1036 1440
47.1116 1440
47.1128 1440
47.114 1440
47.1152 1440
47.1164 1440
47.1175 1440
47.1187 1440
47.1199 1440
47.1211 1440
47.1223 1440
47.1235 1440
47.1247 1440
47.1259 1440
47.1271 1440
47.1283 1440
47.1295 1440
47.1307 1440
47.1319 1440
47.1331 1440
47.1343 1440
47.1355 1440
47.1367 1440
47.1379 1440
47.1391 1440
47.1403 1440
47.1415 1440
47.1426 1440
47.1438 1440
47.145 1440
47.1462 1440
47.1474 1440
47.3531 1440
47.3543 1440
47.3554 1440
47.3566 1440
47.3578 1440
47.359 1440
47.3602 1440
47.3614 1440
47.3626 1440
47.3638 1440
47.365 1440
47.3662 1440
47.3674 1440
47.3686 1440
47.3698 1440
47.371 1440
47.3722 1440
47.3734 1440
47.3746 1440
47.3758 1440
47.377 1440
47.3782 1440
47.3794 1440
47.3805 1440
47.3817 1440
47.3829 1440
47.3841 1440
47.3853 1440
47.3865 1440
47.3877 1440
47.3889 1440
47.3901 1440
47.5957 1440
47.5969 1440
47.5981 1440
47.5993 1440
47.6005 1440
47.6017 1440
47.6029 1440
47.6041 1440
47.6053 1440
47.6065 1440
47.6077 1440
47.6089 1440
47.6101 1440
47.6113 1440
47.6125 1440
47.6137 1440
47.6149 1440
47.6161 1440
47.6173 1440
47.6184 1440
47.6196 1440
47.6208 1440
47.622 1440
47.6232 1440
47.6244 1440
47.6256 1440
47.6268 1440
47.628 1440
47.6292 1440
47.6304 1440
47.6316 1440
47.6328 1440
47.634 1440
47.8384 1440
47.8396 1440
47.8408 1440
47.842 1440
47.8432 1440
47.8444 1440
47.8456 1440
47.8468 1440
47.848 1440
47.8492 1440
47.8504 1440
47.8516 1440
47.8528 1440
47.854 1440
47.8552 1440
47.8563 1440
47.8575 1440
47.8587 1440
47.8599 1440
47.8611 1440
47.8623 1440
47.8635 1440
47.8647 1440
47.8659 1440
47.8671 1440
47.8683 1440
47.8695 1440
47.8707 1440
47.8719 1440
47.8731 1440
47.8743 1440
47.8755 1440
48.0755 1440
48.0811 1440
48.0823 1440
48.0835 1440
48.0847 1440
48.0859 1440
48.0871 1440
48.0883 1440
48.0895 1440
48.0907 1440
48.0919 1440
48.0931 1440
48.0942 1440
48.0954 1440
48.0966 1440
48.0978 1440
48.099 1440
48.1002 1440
48.1014 1440
48.1026 1440
48.1038 1440
48.105 1440
48.1062 1440
48.1074 1440
48.1086 1440
48.1098 1440
48.111 1440
48.1122 1440
48.1134 1440
48.1146 1440
48.1158 1440
48.117 1440
48.1182 1440
48.1193 1440
48.3226 1440
48.3238 1440
48.325 1440
48.3262 1440
48.3274 1440
48.3286 1440
48.3298 1440
48.331 1440
48.3321 1440
48.3333 1440
48.3345 1440
48.3357 1440
48.3369 1440
48.3381 1440
48.3393 1440
48.3405 1440
48.3417 1440
48.3429 1440
48.3441 1440
48.3453 1440
48.3465 1440
48.3477 1440
48.3489 1440
48.3501 1440
48.3513 1440
48.3525 1440
48.3537 1440
48.3549 1440
48.3561 1440
48.3572 1440
48.3584 1440
48.3596 1440
48.3608 1440
48.362 1440
48.5653 1440
48.5665 1440
48.5677 1440
48.5689 1440
48.57 1440
48.5712 1440
48.5724 1440
48.5736 1440
48.5748 1440
48.576 1440
48.5772 1440
48.5784 1440
48.5796 1440
48.5808 1440
48.582 1440
48.5832 1440
48.5844 1440
48.5856 1440
48.5868 1440
48.588 1440
48.5892 1440
48.5904 1440
48.5916 1440
48.5928 1440
48.594 1440
48.5951 1440
48.5963 1440
48.5975 1440
48.5999 1440
48.6011 1440
48.6023 1440
48.6035 1440
48.6047 1440
48.6059 1440
48.808 1440
48.8091 1440
48.8103 1440
48.8115 1440
48.8127 1440
48.8139 1440
48.8151 1440
48.8163 1440
48.8175 1440
48.8187 1440
48.8199 1440
48.8211 1440
48.8223 1440
48.8235 1440
48.8247 1440
48.8259 1440
48.8271 1440
48.8283 1440
48.8295 1440
48.8307 1440
48.8319 1440
48.833 1440
48.8342 1440
48.8354 1440
48.8366 1440
48.8378 1440
48.839 1440
48.8402 1440
48.8414 1440
48.8426 1440
48.8438 1440
49.0674 1440
49.0686 1440
49.0698 1440
49.071 1440
49.0722 1440
49.0733 1440
49.0745 1440
49.0757 1440
49.0769 1440
49.0781 1440
49.0793 1440
49.0805 1440
49.0817 1440
49.0829 1440
49.0841 1440
49.0853 1440
49.3101 1440
49.3112 1440
49.3124 1440
49.3136 1440
49.3148 1440
49.316 1440
49.3172 1440
49.3184 1440
49.3196 1440
49.322 1440
49.3232 1440
49.3244 1440
49.3256 1440
49.3268 1440
49.328 1440
49.5527 1440
49.5539 1440
49.5551 1440
49.5563 1440
49.5575 1440
49.5587 1440
49.5599 1440
49.5611 1440
49.5623 1440
49.5635 1440
49.5647 1440
49.5659 1440
49.5671 1440
49.8014 1440
49.8026 1440
49.8038 1440
49.805 1440
49.8062 1440
49.8074 1440
49.8086 1440
50.0441 1440
50.0453 1440
50.0465 1440
50.0477 1440
50.0489 1440
50.0501 1440
50.2501 1440
50.2513 1440
50.2868 1440
50.288 1440
50.2892 1440
50.2904 1440
50.2916 1440
50.2927 1440
50.4927 1440
50.4939 1440
50.5294 1440
50.5306 1440
50.5318 1440
50.533 1440
50.5342 1440
50.5354 1440
50.7354 1440
50.7366 1440
50.7721 1440
50.7733 1440
50.7745 1440
50.7757 1440
50.7769 1440
50.7781 1440
50.7793 1440
50.9781 1440
50.9793 1440
51.0148 1440
51.016 1440
51.0172 1440
51.0184 1440
51.0196 1440
51.0208 1440
51.2196 1440
51.2208 1440
51.2563 1440
51.2575 1440
51.2587 1440
51.2599 1440
51.2611 1440
51.2623 1440
51.2635 1440
51.4611 1440
51.4623 1440
51.4978 1440
51.499 1440
51.5002 1440
51.5014 1440
51.5026 1440
51.5038 1440
51.5049 1440
51.5061 1440
51.7038 1440
51.705 1440
51.7405 1440
51.7417 1440
51.7428 1440
51.744 1440
51.7452 1440
51.7464 1440
51.7476 1440
51.7488 1440
51.75 1440
51.9464 1440
51.9476 1440
51.9831 1440
51.9843 1440
51.9855 1440
51.9867 1440
51.9879 1440
51.9891 1440
51.9903 1440
51.9915 1440
52.1888 1440
52.19 1440
52.2246 1440
52.2258 1440
52.227 1440
52.2282 1440
52.2294 1440
52.2306 1440
52.2318 1440
52.233 1440
52.4326 1440
52.4338 1440
52.435 1440
52.4661 1440
52.4673 1440
52.4685 1440
52.4697 1440
52.4709 1440
52.4721 1440
52.4733 1440
52.4745 1440
52.6777 1440
52.6789 1440
52.6801 1440
52.6813 1440
52.7088 1440
52.71 1440
52.7112 1440
52.7124 1440
52.7136 1440
52.7148 1440
52.716 1440
52.7172 1440
52.9204 1440
52.9216 1440
52.9228 1440
52.924 1440
52.9515 1440
52.9527 1440
52.9539 1440
52.9551 1440
52.9563 1440
52.9575 1440
52.9586 1440
52.9598 1440
52.961 1440
53.1631 1440
53.1643 1440
53.1655 1440
53.1667 1440
53.1942 1440
53.1954 1440
53.1965 1440
53.1977 1440
53.1989 1440
53.2001 1440
53.2013 1440
53.2025 1440
53.4046 1440
53.4058 1440
53.407 1440
53.4082 1440
53.4094 1440
53.4368 1440
53.438 1440
53.4392 1440
53.4404 1440
53.4416 1440
53.4428 1440
53.444 1440
53.4452 1440
53.4464 1440
53.6473 1440
53.6485 1440
53.6497 1440
53.6508 1440
53.6783 1440
53.6795 1440
53.6807 1440
53.6819 1440
53.6831 1440
53.6843 1440
53.6855 1440
53.6867 1440
53.6879 1440
53.6891 1440
53.8911 1440
53.8923 1440
53.8935 1440
53.8947 1440
53.921 1440
53.9222 1440
53.9234 1440
53.9246 1440
53.9258 1440
53.927 1440
53.9282 1440
53.9294 1440
53.9306 1440
53.9318 1440
53.933 1440
54.1338 1440
54.135 1440
54.1362 1440
54.1374 1440
54.1637 1440
54.1649 1440
54.1661 1440
54.1673 1440
54.1685 1440
54.1697 1440
54.1709 1440
54.1721 1440
54.1732 1440
54.1744 1440
54.3753 1440
54.3765 1440
54.3777 1440
54.3789 1440
54.3801 1440
54.4064 1440
54.4076 1440
54.4088 1440
54.41 1440
54.4111 1440
54.4123 1440
54.4135 1440
54.4147 1440
54.4159 1440
54.4171 1440
54.4183 1440
54.618 1440
54.6192 1440
54.6204 1440
54.6216 1440
54.6479 1440
54.649 1440
54.6502 1440
54.6514 1440
54.6526 1440
54.6538 1440
54.655 1440
54.6562 1440
54.6574 1440
54.6586 1440
54.6598 1440
54.661 1440
54.8619 1440
54.8631 1440
54.8643 1440
54.8655 1440
54.8905 1440
54.8917 1440
54.8929 1440
54.8941 1440
54.8953 1440
54.8965 1440
54.8977 1440
54.8989 1440
54.9001 1440
54.9013 1440
54.9025 1440
54.9037 1440
54.9049 1440
55.1045 1440
55.1057 1440
55.1069 1440
55.1081 1440
55.1332 1440
55.1344 1440
55.1356 1440
55.1368 1440
55.138 1440
55.1392 1440
55.1404 1440
55.1416 1440
55.1428 1440
55.144 1440
55.1452 1440
55.1464 1440
55.346 1440
55.3472 1440
55.3484 1440
55.3496 1440
55.3747 1440
55.3759 1440
55.3771 1440
55.3783 1440
55.3795 1440
55.3807 1440
55.3819 1440
55.3831 1440
55.3843 1440
55.3855 1440
55.3867 1440
55.3878 1440
55.5875 1440
55.5887 1440
55.5899 1440
55.5911 1440
55.5923 1440
55.6162 1440
55.6174 1440
55.6186 1440
55.6198 1440
55.621 1440
55.6222 1440
55.6234 1440
55.6246 1440
55.6258 1440
55.6269 1440
55.6281 1440
55.6293 1440
55.8302 1440
55.8314 1440
55.8326 1440
55.8338 1440
55.835 1440
55.8362 1440
55.8589 1440
55.8601 1440
55.8613 1440
55.8625 1440
55.8637 1440
55.8648 1440
55.866 1440
55.8672 1440
55.8684 1440
55.8696 1440
55.8708 1440
55.872 1440
56.0729 1440
56.0741 1440
56.0753 1440
56.0765 1440
56.0777 1440
56.0789 1440
56.0801 1440
56.1016 1440
56.1027 1440
56.1039 1440
56.1051 1440
56.1063 1440
56.1075 1440
56.1087 1440
56.1099 1440
56.1111 1440
56.1123 1440
56.1135 1440
56.1147 1440
56.3156 1440
56.3168 1440
56.318 1440
56.3192 1440
56.3204 1440
56.3215 1440
56.343 1440
56.3442 1440
56.3454 1440
56.3466 1440
56.3478 1440
56.349 1440
56.3502 1440
56.3514 1440
56.3526 1440
56.3538 1440
56.355 1440
56.3562 1440
56.5594 1440
56.5606 1440
56.5618 1440
56.563 1440
56.5642 1440
56.5654 1440
56.5666 1440
56.5678 1440
56.5857 1440
56.5869 1440
56.5881 1440
56.5893 1440
56.5905 1440
56.5917 1440
56.5929 1440
56.5941 1440
56.5953 1440
56.5965 1440
56.5977 1440
56.5989 1440
56.8021 1440
56.8033 1440
56.8045 1440
56.8057 1440
56.8069 1440
56.8081 1440
56.8093 1440
56.8105 1440
56.8284 1440
56.8296 1440
56.8308 1440
56.832 1440
56.8332 1440
56.8344 1440
56.8356 1440
56.8368 1440
56.838 1440
56.8392 1440
56.8404 1440
56.8415 1440
57.0448 1440
57.046 1440
57.0472 1440
57.0484 1440
57.0496 1440
57.0508 1440
57.052 1440
57.0532 1440
57.0544 1440
57.0711 1440
57.0723 1440
57.0735 1440
57.0747 1440
57.0759 1440
57.0771 1440
57.0783 1440
57.0794 1440
57.0806 1440
57.0818 1440
57.083 1440
57.0842 1440
57.2875 1440
57.2887 1440
57.2899 1440
57.2911 1440
57.2923 1440
57.2935 1440
57.2947 1440
57.2959 1440
57.3126 1440
57.3138 1440
57.315 1440
57.3162 1440
57.3173 1440
57.3185 1440
57.3197 1440
57.3209 1440
57.3221 1440
57.3233 1440
57.3245 1440
57.3257 1440
57.5266 1440
57.5302 1440
57.5314 1440
57.5326 1440
57.5338 1440
57.535 1440
57.5361 1440
57.5373 1440
57.5385 1440
57.5552 1440
57.5564 1440
57.5576 1440
57.5588 1440
57.56 1440
57.5612 1440
57.5624 1440
57.5636 1440
57.5648 1440
57.566 1440
57.5672 1440
57.5684 1440
57.5696 1440
57.7717 1440
57.7729 1440
57.774 1440
57.7752 1440
57.7764 1440
57.7776 1440
57.7788 1440
57.78 1440
57.7967 1440
57.7979 1440
57.7991 1440
57.8003 1440
57.8015 1440
57.8027 1440
57.8039 1440
57.8051 1440
57.8063 1440
57.8075 1440
57.8087 1440
57.8099 1440
57.8111 1440
57.8123 1440
58.0143 1440
58.0155 1440
58.0167 1440
58.0179 1440
58.0191 1440
58.0203 1440
58.0215 1440
58.0227 1440
58.0394 1440
58.0406 1440
58.0418 1440
58.043 1440
58.0442 1440
58.0454 1440
58.0466 1440
58.0478 1440
58.049 1440
58.0502 1440
58.0514 1440
58.0526 1440
58.0538 1440
58.055 1440
58.0561 1440
58.257 1440
58.2582 1440
58.2594 1440
58.2606 1440
58.2618 1440
58.263 1440
58.2642 1440
58.2654 1440
58.2821 1440
58.2833 1440
58.2845 1440
58.2857 1440
58.2869 1440
58.2881 1440
58.2893 1440
58.2905 1440
58.2917 1440
58.2929 1440
58.294 1440
58.2952 1440
58.2964 1440
58.2976 1440
58.4976 1440
58.4997 1440
58.5009 1440
58.5021 1440
58.5033 1440
58.5045 1440
58.5057 1440
58.5069 1440
58.5081 1440
58.5248 1440
58.526 1440
58.5272 1440
58.5284 1440
58.5296 1440
58.5308 1440
58.5319 1440
58.5331 1440
58.5343 1440
58.5355 1440
58.5367 1440
58.5379 1440
58.5391 1440
58.5403 1440
58.5415 1440
58.7412 1440
58.7424 1440
58.7436 1440
58.7448 1440
58.746 1440
58.7472 1440
58.7484 1440
58.7496 1440
58.7663 1440
58.7675 1440
58.7687 1440
58.7698 1440
58.771 1440
58.7722 1440
58.7734 1440
58.7746 1440
58.7758 1440
58.777 1440
58.7782 1440
58.7794 1440
58.7806 1440
58.7818 1440
58.783 1440
58.7842 1440
58.9839 1440
58.9851 1440
58.9863 1440
58.9875 1440
58.9887 1440
58.9898 1440
58.991 1440
58.9922 1440
59.0089 1440
59.0101 1440
59.0113 1440
59.0125 1440
59.0137 1440
59.0149 1440
59.0161 1440
59.0173 1440
59.0185 1440
59.0197 1440
59.0209 1440
59.0221 1440
59.0233 1440
59.0245 1440
59.0257 1440
59.0269 1440
59.0281 1440
59.2266 1440
59.2277 1440
59.2289 1440
59.2301 1440
59.2313 1440
59.2325 1440
59.2337 1440
59.2349 1440
59.2516 1440
59.2528 1440
59.254 1440
59.2552 1440
59.2564 1440
59.2576 1440
59.2588 1440
59.26 1440
59.2612 1440
59.2624 1440
59.2636 1440
59.2648 1440
59.266 1440
59.2672 1440
59.2684 1440
59.2696 1440
59.468 1440
59.4692 1440
59.4704 1440
59.4716 1440
59.4728 1440
59.474 1440
59.4752 1440
59.4764 1440
59.4931 1440
59.4943 1440
59.4955 1440
59.4967 1440
59.4979 1440
59.4991 1440
59.5003 1440
59.5015 1440
59.5027 1440
59.5039 1440
59.5051 1440
59.5063 1440
59.5075 1440
59.5087 1440
59.5098 1440
59.511 1440
59.5122 1440
59.7095 1440
59.7107 1440
59.7119 1440
59.7131 1440
59.7143 1440
59.7155 1440
59.7167 1440
59.7179 1440
59.7346 1440
59.7358 1440
59.737 1440
59.7382 1440
59.7394 1440
59.7406 1440
59.7418 1440
59.743 1440
59.7442 1440
59.7454 1440
59.7466 1440
59.7477 1440
59.7489 1440
59.7501 1440
59.7513 1440
59.7525 1440
59.7537 1440
59.7549 1440
59.9522 1440
59.9534 1440
59.9546 1440
59.9558 1440
59.957 1440
59.9582 1440
59.9594 1440
59.9606 1440
59.9773 1440
59.9785 1440
59.9797 1440
59.9809 1440
59.9821 1440
59.9833 1440
59.9845 1440
59.9856 1440
59.9868 1440
59.988 1440
59.9892 1440
59.9904 1440
59.9916 1440
59.9928 1440
59.994 1440
59.9952 1440
59.9964 1440
59.9976 1440
59.9988 1440
