0.220056 0
0.460163 0
0.46155 1440
0.703036 1440
0.704231 1440
0.945717 1440
0.946912 1440
0.948108 1440
1.1884 1440
1.18959 1440
1.19079 1440
1.38959 1440
1.39079 1440
1.43108 1440
1.43228 1440
1.43347 1440
1.63108 1440
1.63228 1440
1.63347 1440
1.67257 1440
1.67376 1440
1.67496 1440
1.67615 1440
1.67735 1440
1.67854 1440
1.87376 1440
1.87496 1440
1.87615 1440
1.91405 1440
1.91525 1440
1.91644 1440
1.91764 1440
1.91883 1440
1.92003 1440
1.92122 1440
1.92242 1440
1.92361 1440
2.11525 1440
2.11644 1440
2.11764 1440
2.11883 1440
2.12003 1440
2.12122 1440
2.15673 1440
2.15793 1440
2.15912 1440
2.16032 1440
2.16151 1440
2.16271 1440
2.1639 1440
2.1651 1440
2.16629 1440
2.16749 1440
2.16869 1440
2.16988 1440
2.35673 1440
2.35793 1440
2.35912 1440
2.36032 1440
2.36151 1440
2.36271 1440
2.3639 1440
2.3651 1440
2.36629 1440
2.39822 1440
2.39941 1440
2.40061 1440
2.4018 1440
2.403 1440
2.4042 1440
2.40539 1440
2.40659 1440
2.40778 1440
2.40898 1440
2.41017 1440
2.41137 1440
2.41256 1440
2.41376 1440
2.41495 1440
2.41615 1440
2.41734 1440
2.41854 1440
2.59822 1440
2.59941 1440
2.60061 1440
2.6018 1440
2.603 1440
2.6042 1440
2.60539 1440
2.60659 1440
2.60778 1440
2.60898 1440
2.61017 1440
2.61137 1440
2.61256 1440
2.61376 1440
2.61495 1440
2.6409 1440
2.6421 1440
2.64329 1440
2.64449 1440
2.64568 1440
2.64688 1440
2.64807 1440
2.64927 1440
2.65046 1440
2.65166 1440
2.65285 1440
2.65405 1440
2.65524 1440
2.65644 1440
2.65763 1440
2.65883 1440
2.66002 1440
2.66122 1440
2.66241 1440
2.66361 1440
2.6648 1440
2.666 1440
2.66719 1440
2.66839 1440
2.66959 1440
2.67078 1440
2.67198 1440
2.8409 1440
2.8421 1440
2.84329 1440
2.84449 1440
2.84568 1440
2.84688 1440
2.84807 1440
2.84927 1440
2.85046 1440
2.85166 1440
2.85285 1440
2.85405 1440
2.85524 1440
2.85644 1440
2.85763 1440
2.85883 1440
2.86002 1440
2.86122 1440
2.86241 1440
2.86361 1440
2.8648 1440
2.88239 1440
2.88358 1440
2.88478 1440
2.88597 1440
2.88717 1440
2.88836 1440
2.88956 1440
2.89075 1440
2.89195 1440
2.89314 1440
2.89434 1440
2.89553 1440
2.89673 1440
2.89792 1440
2.89912 1440
2.90031 1440
2.90151 1440
2.90271 1440
2.9039 1440
2.9051 1440
2.90629 1440
2.90749 1440
2.90868 1440
2.90988 1440
2.91107 1440
2.91227 1440
2.91346 1440
2.91466 1440
2.91585 1440
2.91705 1440
2.91824 1440
2.91944 1440
2.92063 1440
2.92183 1440
2.92302 1440
2.92422 1440
2.92541 1440
2.92661 1440
2.9278 1440
2.929 1440
2.93019 1440
2.93139 1440
3.09917 1440
3.10037 1440
3.10156 1440
3.10276 1440
3.10395 1440
3.10515 1440
3.10634 1440
3.10754 1440
3.10873 1440
3.10993 1440
3.11112 1440
3.11232 1440
3.11351 1440
3.11471 1440
3.1159 1440
3.1171 1440
3.11829 1440
3.11949 1440
3.12068 1440
3.12188 1440
3.12307 1440
3.12427 1440
3.12546 1440
3.12666 1440
3.12786 1440
3.12905 1440
3.13025 1440
3.13144 1440
3.13264 1440
3.13383 1440
3.13503 1440
3.13622 1440
3.13742 1440
3.13861 1440
3.13981 1440
3.141 1440
3.1422 1440
3.14339 1440
3.14459 1440
3.14578 1440
3.14698 1440
3.14817 1440
3.14937 1440
3.15056 1440
3.15176 1440
3.15295 1440
3.15415 1440
3.15534 1440
3.15654 1440
3.15774 1440
3.15893 1440
3.16013 1440
3.16132 1440
3.16252 1440
3.16371 1440
3.16491 1440
3.1661 1440
3.1673 1440
3.16849 1440
3.16969 1440
3.17088 1440
3.17208 1440
3.17327 1440
3.17447 1440
3.17566 1440
3.17686 1440
3.17805 1440
3.17925 1440
3.18044 1440
3.18164 1440
3.18283 1440
3.18403 1440
3.18522 1440
3.18642 1440
3.18762 1440
3.18881 1440
3.19001 1440
3.1912 1440
3.1924 1440
3.19359 1440
3.19479 1440
3.19598 1440
3.19718 1440
3.19837 1440
3.19957 1440
3.20076 1440
3.20196 1440
3.20315 1440
3.20435 1440
3.20554 1440
3.20674 1440
3.20793 1440
3.20913 1440
3.39359 1440
3.39479 1440
3.39598 1440
3.39718 1440
3.39837 1440
3.39957 1440
3.40076 1440
3.40196 1440
3.40315 1440
3.40435 1440
3.40554 1440
3.40674 1440
3.40793 1440
3.40913 1440
3.41032 1440
3.41152 1440
3.41271 1440
3.41391 1440
3.4151 1440
3.4163 1440
3.41749 1440
3.41869 1440
3.41989 1440
3.42108 1440
3.42228 1440
3.42347 1440
3.42467 1440
3.42586 1440
3.42706 1440
3.42825 1440
3.42945 1440
3.43064 1440
3.43184 1440
3.43303 1440
3.43423 1440
3.43542 1440
3.43662 1440
3.43781 1440
3.43901 1440
3.4402 1440
3.4414 1440
3.44259 1440
3.44379 1440
3.44498 1440
3.44618 1440
3.44737 1440
3.44857 1440
3.44977 1440
3.45096 1440
3.45216 1440
3.45335 1440
3.45455 1440
3.45574 1440
3.45694 1440
3.45813 1440
3.45933 1440
3.46052 1440
3.46172 1440
3.46291 1440
3.46411 1440
3.4653 1440
3.4665 1440
3.46769 1440
3.46889 1440
3.47008 1440
3.47128 1440
3.47247 1440
3.47367 1440
3.47486 1440
3.47606 1440
3.47725 1440
3.47845 1440
3.47965 1440
3.48084 1440
3.48204 1440
3.48323 1440
3.48443 1440
3.48562 1440
3.48682 1440
3.48801 1440
3.48921 1440
3.4904 1440
3.4916 1440
3.49279 1440
3.49399 1440
3.49518 1440
3.49638 1440
3.49757 1440
3.49877 1440
3.49996 1440
3.50116 1440
3.50235 1440
3.50355 1440
3.50474 1440
3.50594 1440
3.50713 1440
3.50833 1440
3.50953 1440
3.51072 1440
3.51192 1440
3.51311 1440
3.51431 1440
3.5155 1440
3.5167 1440
3.51789 1440
3.51909 1440
3.52028 1440
3.52148 1440
3.52267 1440
3.52387 1440
3.52506 1440
3.52626 1440
3.52745 1440
3.52865 1440
3.52984 1440
3.53104 1440
3.53223 1440
3.53343 1440
3.53462 1440
3.53582 1440
3.53701 1440
3.53821 1440
3.53941 1440
3.5406 1440
3.5418 1440
3.54299 1440
3.54419 1440
3.54538 1440
3.54658 1440
3.54777 1440
3.54897 1440
3.55016 1440
3.55136 1440
3.55255 1440
3.55375 1440
3.55494 1440
3.55614 1440
3.55733 1440
3.55853 1440
3.55972 1440
3.56092 1440
3.75693 1440
3.75932 1440
3.76171 1440
3.7641 1440
3.76649 1440
3.76888 1440
3.77127 1440
3.77366 1440
3.77605 1440
3.77845 1440
3.78084 1440
3.78323 1440
3.78562 1440
3.78801 1440
3.7904 1440
3.79279 1440
3.79518 1440
3.79757 1440
3.79996 1440
3.80235 1440
3.80474 1440
3.80713 1440
3.80952 1440
3.81191 1440
3.8143 1440
3.81669 1440
3.81908 1440
3.82147 1440
3.82386 1440
3.82625 1440
3.82864 1440
3.83103 1440
3.83342 1440
3.83581 1440
3.83821 1440
3.8406 1440
3.84299 1440
3.84538 1440
3.84777 1440
3.85016 1440
3.85255 1440
3.85494 1440
3.85733 1440
3.85972 1440
3.86211 1440
3.8645 1440
3.86689 1440
3.86809 1440
3.86928 1440
3.87048 1440
3.87167 1440
3.87287 1440
3.87406 1440
3.87526 1440
3.87645 1440
3.87765 1440
3.87884 1440
3.88004 1440
3.88123 1440
3.88243 1440
3.88362 1440
3.88482 1440
3.88601 1440
3.88721 1440
3.8884 1440
3.8896 1440
3.89079 1440
3.89199 1440
3.89318 1440
3.89438 1440
3.89557 1440
3.89677 1440
3.89796 1440
3.89916 1440
3.90036 1440
3.90155 1440
3.90275 1440
3.90394 1440
3.90514 1440
3.90633 1440
3.90753 1440
3.90872 1440
3.90992 1440
3.91111 1440
3.91231 1440
3.9135 1440
3.9147 1440
3.91589 1440
3.91709 1440
3.91828 1440
3.91948 1440
3.92067 1440
3.92187 1440
3.92306 1440
3.92784 1440
3.93024 1440
3.93263 1440
3.93502 1440
3.93741 1440
3.9398 1440
3.94219 1440
3.94458 1440
3.94697 1440
3.94936 1440
3.95175 1440
3.95414 1440
3.95653 1440
3.95892 1440
3.96131 1440
3.9637 1440
3.96609 1440
3.96848 1440
3.97087 1440
3.97326 1440
3.97565 1440
3.97804 1440
3.98043 1440
3.98282 1440
3.98521 1440
3.9876 1440
3.99 1440
3.99239 1440
3.99478 1440
3.99717 1440
3.99956 1440
4.00195 1440
4.00434 1440
4.00673 1440
4.00912 1440
4.01151 1440
4.0139 1440
4.01629 1440
4.01868 1440
4.02107 1440
4.02346 1440
4.02585 1440
4.02824 1440
4.03063 1440
4.03302 1440
4.03541 1440
4.0378 1440
4.04019 1440
4.04258 1440
4.04497 1440
4.04736 1440
4.04976 1440
4.05215 1440
4.05454 1440
4.05693 1440
4.05932 1440
4.06171 1440
4.0641 1440
4.06649 1440
4.06888 1440
4.07127 1440
4.07366 1440
4.07605 1440
4.07844 1440
4.08083 1440
4.08322 1440
4.08561 1440
4.088 1440
4.09039 1440
4.09278 1440
4.09517 1440
4.09756 1440
4.09995 1440
4.10234 1440
4.10473 1440
4.10712 1440
4.10952 1440
4.11191 1440
4.1143 1440
4.11669 1440
4.11908 1440
4.12147 1440
4.12386 1440
4.12625 1440
4.12864 1440
4.13103 1440
4.13342 1440
4.13581 1440
4.1382 1440
4.14059 1440
4.14298 1440
4.14537 1440
4.14776 1440
4.14896 1440
4.15135 1440
4.15374 1440
4.15613 1440
4.15852 1440
4.16091 1440
4.1633 1440
4.16569 1440
4.16808 1440
4.17047 1440
4.17286 1440
4.17525 1440
4.17764 1440
4.18003 1440
4.18242 1440
4.18481 1440
4.1872 1440
4.18959 1440
4.19198 1440
4.19437 1440
4.19676 1440
4.19916 1440
4.32585 1440
4.32824 1440
4.33063 1440
4.33302 1440
4.33421 1440
4.33541 1440
4.3378 1440
4.34019 1440
4.34258 1440
4.34497 1440
4.34736 1440
4.34975 1440
4.35214 1440
4.35453 1440
4.35692 1440
4.35931 1440
4.3617 1440
4.36409 1440
4.36648 1440
4.36887 1440
4.37126 1440
4.37246 1440
4.37365 1440
4.37485 1440
4.37604 1440
4.37724 1440
4.37843 1440
4.37963 1440
4.38083 1440
4.38202 1440
4.38322 1440
4.38441 1440
4.38561 1440
4.3868 1440
4.388 1440
4.38919 1440
4.39039 1440
4.39158 1440
4.39278 1440
4.39397 1440
4.39517 1440
4.39636 1440
4.39756 1440
4.39875 1440
4.39995 1440
4.40114 1440
4.40234 1440
4.40353 1440
4.40473 1440
4.40592 1440
4.40712 1440
4.40831 1440
4.40951 1440
4.41071 1440
4.4119 1440
4.4131 1440
4.41429 1440
4.41549 1440
4.41668 1440
4.41788 1440
4.41907 1440
4.42027 1440
4.42146 1440
4.42266 1440
4.42385 1440
4.42505 1440
4.42624 1440
4.42744 1440
4.42863 1440
4.42983 1440
4.43102 1440
4.43222 1440
4.43341 1440
4.43461 1440
4.4358 1440
4.437 1440
4.43819 1440
4.43939 1440
4.44059 1440
4.44178 1440
4.44298 1440
4.44417 1440
4.44537 1440
4.44656 1440
4.44776 1440
4.44895 1440
4.45134 1440
4.45373 1440
4.45612 1440
4.45851 1440
4.4609 1440
4.46329 1440
4.46449 1440
4.46688 1440
4.46927 1440
4.47166 1440
4.47405 1440
4.47644 1440
4.47883 1440
4.48122 1440
4.48481 1440
4.4872 1440
4.48959 1440
4.49198 1440
4.49556 1440
4.62584 1440
4.62823 1440
4.63062 1440
4.63421 1440
4.6354 1440
4.6366 1440
4.63899 1440
4.64257 1440
4.64496 1440
4.64735 1440
4.64975 1440
4.65214 1440
4.65453 1440
4.65692 1440
4.65931 1440
4.6617 1440
4.66409 1440
4.66648 1440
4.66887 1440
4.67126 1440
4.67484 1440
4.67604 1440
4.67723 1440
4.67843 1440
4.67963 1440
4.68202 1440
4.68321 1440
4.68441 1440
4.6856 1440
4.6868 1440
4.68799 1440
4.68919 1440
4.69038 1440
4.69158 1440
4.69277 1440
4.69397 1440
4.69516 1440
4.69636 1440
4.69755 1440
4.69875 1440
4.69994 1440
4.70114 1440
4.70233 1440
4.70353 1440
4.70472 1440
4.70592 1440
4.70711 1440
4.70831 1440
4.70951 1440
4.7119 1440
4.71309 1440
4.71429 1440
4.71548 1440
4.71668 1440
4.71787 1440
4.71907 1440
4.72026 1440
4.72146 1440
4.72265 1440
4.72385 1440
4.72504 1440
4.72624 1440
4.72743 1440
4.72863 1440
4.72982 1440
4.73102 1440
4.73221 1440
4.73341 1440
4.7346 1440
4.7358 1440
4.73699 1440
4.73939 1440
4.74058 1440
4.74178 1440
4.74297 1440
4.74417 1440
4.74536 1440
4.74656 1440
4.74775 1440
4.74895 1440
4.75014 1440
4.75134 1440
4.75253 1440
4.75373 1440
4.75492 1440
4.75612 1440
4.7597 1440
4.76329 1440
4.76687 1440
4.76927 1440
4.77166 1440
4.77405 1440
4.77644 1440
4.77763 1440
4.78122 1440
4.78241 1440
4.786 1440
4.78719 1440
4.79078 1440
4.79197 1440
4.79795 1440
4.79915 1440
4.80273 1440
4.80393 1440
4.93659 1440
4.93898 1440
4.94018 1440
4.94376 1440
4.94496 1440
4.94615 1440
4.94854 1440
4.94974 1440
4.95452 1440
4.95572 1440
4.9593 1440
4.9605 1440
4.96408 1440
4.96528 1440
4.96886 1440
4.97006 1440
4.97364 1440
4.97484 1440
4.97842 1440
4.97962 1440
4.98201 1440
4.98321 1440
4.9844 1440
4.9856 1440
4.98679 1440
4.98799 1440
4.98918 1440
4.99038 1440
4.99157 1440
4.99277 1440
4.99396 1440
4.99516 1440
4.99635 1440
4.99755 1440
4.99874 1440
4.99994 1440
5.00113 1440
5.00233 1440
5.00352 1440
5.00472 1440
5.00591 1440
5.00711 1440
5.0083 1440
5.0095 1440
5.0107 1440
5.01189 1440
5.01309 1440
5.01428 1440
5.01548 1440
5.01667 1440
5.01787 1440
5.01906 1440
5.02026 1440
5.02145 1440
5.02265 1440
5.02384 1440
5.02504 1440
5.02623 1440
5.02743 1440
5.02862 1440
5.02982 1440
5.03101 1440
5.03221 1440
5.0334 1440
5.0346 1440
5.03579 1440
5.03699 1440
5.03818 1440
5.03938 1440
5.04058 1440
5.04177 1440
5.04297 1440
5.04416 1440
5.04536 1440
5.04655 1440
5.04775 1440
5.04894 1440
5.05014 1440
5.05133 1440
5.05253 1440
5.05372 1440
5.05492 1440
5.05611 1440
5.05731 1440
5.0585 1440
5.0597 1440
5.06209 1440
5.06328 1440
5.06687 1440
5.06806 1440
5.07165 1440
5.07285 1440
5.07643 1440
5.07763 1440
5.08121 1440
5.08241 1440
5.08599 1440
5.08719 1440
5.09077 1440
5.09197 1440
5.09675 1440
5.09794 1440
5.10153 1440
5.10273 1440
5.233 1440
5.2342 1440
5.23778 1440
5.23898 1440
5.24256 1440
5.24376 1440
5.24495 1440
5.24615 1440
5.25332 1440
5.25452 1440
5.2581 1440
5.2593 1440
5.26288 1440
5.26408 1440
5.26766 1440
5.26886 1440
5.27244 1440
5.27364 1440
5.27722 1440
5.27842 1440
5.27962 1440
5.28081 1440
5.28201 1440
5.2832 1440
5.2844 1440
5.28559 1440
5.28679 1440
5.28798 1440
5.28918 1440
5.29037 1440
5.29157 1440
5.29276 1440
5.29396 1440
5.29515 1440
5.29635 1440
5.29754 1440
5.29874 1440
5.29993 1440
5.30113 1440
5.30232 1440
5.30352 1440
5.30471 1440
5.30591 1440
5.3071 1440
5.3083 1440
5.3095 1440
5.31069 1440
5.31189 1440
5.31308 1440
5.31428 1440
5.31547 1440
5.31667 1440
5.31786 1440
5.31906 1440
5.32025 1440
5.32145 1440
5.32264 1440
5.32384 1440
5.32503 1440
5.32623 1440
5.32742 1440
5.32862 1440
5.32981 1440
5.33101 1440
5.3322 1440
5.3334 1440
5.33459 1440
5.33579 1440
5.33698 1440
5.33818 1440
5.33937 1440
5.34057 1440
5.34177 1440
5.34296 1440
5.34416 1440
5.34535 1440
5.34655 1440
5.34774 1440
5.34894 1440
5.35013 1440
5.35133 1440
5.35252 1440
5.35372 1440
5.35491 1440
5.35611 1440
5.3573 1440
5.36089 1440
5.36208 1440
5.36567 1440
5.36686 1440
5.37045 1440
5.37165 1440
5.37523 1440
5.37643 1440
5.38001 1440
5.38121 1440
5.38479 1440
5.38599 1440
5.38957 1440
5.39077 1440
5.39435 1440
5.39555 1440
5.39913 1440
5.40033 1440
5.40153 1440
5.5318 1440
5.533 1440
5.53658 1440
5.53778 1440
5.54136 1440
5.54256 1440
5.54375 1440
5.54495 1440
5.55451 1440
5.55571 1440
5.55929 1440
5.56049 1440
5.56407 1440
5.56527 1440
5.56885 1440
5.57005 1440
5.57363 1440
5.57483 1440
5.57841 1440
5.57961 1440
5.58081 1440
5.582 1440
5.5832 1440
5.58439 1440
5.58559 1440
5.58678 1440
5.58798 1440
5.58917 1440
5.59037 1440
5.59156 1440
5.59276 1440
5.59395 1440
5.59515 1440
5.59634 1440
5.59754 1440
5.59873 1440
5.59993 1440
5.60112 1440
5.60232 1440
5.60351 1440
5.60471 1440
5.6059 1440
5.6071 1440
5.60829 1440
5.60949 1440
5.61069 1440
5.61188 1440
5.61308 1440
5.61427 1440
5.61547 1440
5.61666 1440
5.61786 1440
5.61905 1440
5.62025 1440
5.62144 1440
5.62264 1440
5.62383 1440
5.62503 1440
5.62622 1440
5.62742 1440
5.62861 1440
5.62981 1440
5.631 1440
5.6322 1440
5.63339 1440
5.63459 1440
5.63578 1440
5.63698 1440
5.63817 1440
5.63937 1440
5.64057 1440
5.64176 1440
5.64296 1440
5.64415 1440
5.64535 1440
5.64654 1440
5.64774 1440
5.64893 1440
5.65013 1440
5.65132 1440
5.65252 1440
5.65371 1440
5.65491 1440
5.6561 1440
5.6573 1440
5.65849 1440
5.66208 1440
5.66327 1440
5.66686 1440
5.66805 1440
5.67164 1440
5.67284 1440
5.67642 1440
5.67762 1440
5.6812 1440
5.6824 1440
5.68598 1440
5.68718 1440
5.69076 1440
5.69196 1440
5.69554 1440
5.69674 1440
5.70033 1440
5.70152 1440
5.70272 1440
5.70391 1440
5.83419 1440
5.83538 1440
5.83897 1440
5.84016 1440
5.84375 1440
5.84494 1440
5.84614 1440
5.84733 1440
5.8569 1440
5.85809 1440
5.86168 1440
5.86287 1440
5.86646 1440
5.86765 1440
5.87124 1440
5.87243 1440
5.87363 1440
5.87482 1440
5.87602 1440
5.87721 1440
5.87841 1440
5.8796 1440
5.8808 1440
5.882 1440
5.88319 1440
5.88439 1440
5.88558 1440
5.88678 1440
5.88797 1440
5.88917 1440
5.89036 1440
5.89156 1440
5.89275 1440
5.89395 1440
5.89514 1440
5.89634 1440
5.89753 1440
5.89873 1440
5.89992 1440
5.90112 1440
5.90231 1440
5.90351 1440
5.9047 1440
5.9059 1440
5.90709 1440
5.90829 1440
5.90948 1440
5.91068 1440
5.91188 1440
5.91307 1440
5.91427 1440
5.91546 1440
5.91666 1440
5.91785 1440
5.91905 1440
5.92024 1440
5.92144 1440
5.92263 1440
5.92383 1440
5.92502 1440
5.92622 1440
5.92741 1440
5.92861 1440
5.9298 1440
5.931 1440
5.93219 1440
5.93339 1440
5.93458 1440
5.93578 1440
5.93697 1440
5.93817 1440
5.93936 1440
5.94056 1440
5.94176 1440
5.94295 1440
5.94415 1440
5.94534 1440
5.94654 1440
5.94773 1440
5.94893 1440
5.95012 1440
5.95132 1440
5.95251 1440
5.95371 1440
5.9549 1440
5.9561 1440
5.95729 1440
5.95849 1440
5.95968 1440
5.96088 1440
5.96207 1440
5.96327 1440
5.96446 1440
5.96566 1440
5.96685 1440
5.96805 1440
5.96924 1440
5.97044 1440
5.97164 1440
5.97283 1440
5.97403 1440
5.97522 1440
5.97642 1440
5.97761 1440
5.97881 1440
5.98 1440
6.07687 1440
6.07806 1440
6.08165 1440
6.08284 1440
6.08643 1440
6.08763 1440
6.08882 1440
6.09002 1440
6.09958 1440
6.10077 1440
6.10197 1440
6.10555 1440
6.10675 1440
6.11033 1440
6.11153 1440
6.11512 1440
6.11631 1440
6.11751 1440
6.1187 1440
6.1199 1440
6.12109 1440
6.12229 1440
6.12348 1440
6.12468 1440
6.12587 1440
6.12707 1440
6.12826 1440
6.12946 1440
6.13065 1440
6.13185 1440
6.13304 1440
6.13424 1440
6.13543 1440
6.13663 1440
6.13782 1440
6.13902 1440
6.14021 1440
6.14141 1440
6.1426 1440
6.1438 1440
6.14499 1440
6.14619 1440
6.14739 1440
6.14858 1440
6.14978 1440
6.15097 1440
6.15217 1440
6.15336 1440
6.15456 1440
6.15575 1440
6.15695 1440
6.15814 1440
6.15934 1440
6.16053 1440
6.16173 1440
6.16292 1440
6.16412 1440
6.16531 1440
6.16651 1440
6.1677 1440
6.1689 1440
6.17009 1440
6.17129 1440
6.17248 1440
6.17368 1440
6.17487 1440
6.17607 1440
6.17727 1440
6.17846 1440
6.17966 1440
6.18085 1440
6.18205 1440
6.18324 1440
6.18444 1440
6.18563 1440
6.18683 1440
6.18802 1440
6.18922 1440
6.19041 1440
6.19161 1440
6.1928 1440
6.194 1440
6.19519 1440
6.19639 1440
6.19758 1440
6.19878 1440
6.19997 1440
6.20117 1440
6.20236 1440
6.20356 1440
6.20475 1440
6.20595 1440
6.20715 1440
6.20834 1440
6.20954 1440
6.21073 1440
6.21193 1440
6.21312 1440
6.21432 1440
6.21551 1440
6.21671 1440
6.2179 1440
6.2191 1440
6.22029 1440
6.22149 1440
6.22268 1440
6.22388 1440
6.31955 1440
6.32075 1440
6.32433 1440
6.32553 1440
6.32911 1440
6.33031 1440
6.3315 1440
6.3327 1440
6.34226 1440
6.34345 1440
6.34704 1440
6.34823 1440
6.35182 1440
6.35302 1440
6.3578 1440
6.35899 1440
6.36019 1440
6.36138 1440
6.36258 1440
6.36377 1440
6.36497 1440
6.36616 1440
6.36736 1440
6.36855 1440
6.36975 1440
6.37094 1440
6.37214 1440
6.37333 1440
6.37453 1440
6.37572 1440
6.37692 1440
6.37811 1440
6.37931 1440
6.38051 1440
6.3817 1440
6.3829 1440
6.38409 1440
6.38529 1440
6.38648 1440
6.38768 1440
6.38887 1440
6.39007 1440
6.39126 1440
6.39246 1440
6.39365 1440
6.39485 1440
6.39604 1440
6.39724 1440
6.39843 1440
6.39963 1440
6.40082 1440
6.40202 1440
6.40321 1440
6.40441 1440
6.4056 1440
6.4068 1440
6.40799 1440
6.40919 1440
6.41039 1440
6.41158 1440
6.41278 1440
6.41397 1440
6.41517 1440
6.41636 1440
6.41756 1440
6.41875 1440
6.41995 1440
6.42114 1440
6.42353 1440
6.42473 1440
6.42592 1440
6.42712 1440
6.42831 1440
6.42951 1440
6.4307 1440
6.4319 1440
6.43309 1440
6.43429 1440
6.43548 1440
6.43668 1440
6.43787 1440
6.43907 1440
6.44027 1440
6.44146 1440
6.44266 1440
6.44385 1440
6.44505 1440
6.44624 1440
6.44744 1440
6.44863 1440
6.44983 1440
6.45102 1440
6.45222 1440
6.45341 1440
6.45461 1440
6.4558 1440
6.457 1440
6.45819 1440
6.45939 1440
6.46058 1440
6.46178 1440
6.46297 1440
6.46417 1440
6.46536 1440
6.46656 1440
6.56104 1440
6.56223 1440
6.56582 1440
6.56701 1440
6.5706 1440
6.57179 1440
6.57299 1440
6.57418 1440
6.58374 1440
6.58494 1440
6.58853 1440
6.58972 1440
6.59331 1440
6.5945 1440
6.60167 1440
6.60287 1440
6.60406 1440
6.60526 1440
6.60645 1440
6.60765 1440
6.60884 1440
6.61004 1440
6.61123 1440
6.61243 1440
6.61362 1440
6.61482 1440
6.61602 1440
6.61721 1440
6.61841 1440
6.6196 1440
6.6208 1440
6.62199 1440
6.62319 1440
6.62438 1440
6.62558 1440
6.62677 1440
6.62797 1440
6.62916 1440
6.63036 1440
6.63155 1440
6.63275 1440
6.63394 1440
6.63514 1440
6.63633 1440
6.63753 1440
6.63872 1440
6.63992 1440
6.64111 1440
6.64231 1440
6.6435 1440
6.6447 1440
6.6459 1440
6.64709 1440
6.64829 1440
6.64948 1440
6.65068 1440
6.65187 1440
6.65307 1440
6.65426 1440
6.65546 1440
6.65665 1440
6.65785 1440
6.65904 1440
6.66024 1440
6.66143 1440
6.66263 1440
6.66382 1440
6.66502 1440
6.66621 1440
6.66741 1440
6.6686 1440
6.6698 1440
6.67099 1440
6.85034 1440
6.85153 1440
6.85273 1440
6.85392 1440
6.85512 1440
6.85631 1440
6.85751 1440
6.8587 1440
6.8599 1440
6.86109 1440
6.86229 1440
6.86348 1440
6.86468 1440
6.86588 1440
6.86707 1440
6.86827 1440
6.86946 1440
6.87066 1440
6.87185 1440
6.87305 1440
6.87424 1440
6.87544 1440
6.87663 1440
6.87783 1440
6.87902 1440
6.88022 1440
6.88141 1440
6.88261 1440
6.8838 1440
6.885 1440
6.88619 1440
6.88739 1440
6.88858 1440
6.88978 1440
6.89097 1440
6.89217 1440
6.89336 1440
6.89456 1440
6.89576 1440
6.89695 1440
6.89815 1440
6.89934 1440
6.90054 1440
6.90173 1440
6.90293 1440
6.90412 1440
6.90532 1440
6.90651 1440
6.90771 1440
6.9089 1440
6.9101 1440
6.91129 1440
6.91249 1440
7.09302 1440
7.09421 1440
7.09541 1440
7.0966 1440
7.0978 1440
7.09899 1440
7.10019 1440
7.10139 1440
7.10258 1440
7.10378 1440
7.10497 1440
7.10617 1440
7.10736 1440
7.10856 1440
7.10975 1440
7.11095 1440
7.11214 1440
7.11334 1440
7.11453 1440
7.11573 1440
7.11692 1440
7.11812 1440
7.11931 1440
7.12051 1440
7.1217 1440
7.1229 1440
7.12409 1440
7.12529 1440
7.12648 1440
7.12768 1440
7.12887 1440
7.13007 1440
7.13127 1440
7.13246 1440
7.13366 1440
7.13485 1440
7.13605 1440
7.13724 1440
7.13844 1440
7.13963 1440
7.14083 1440
7.14202 1440
7.14322 1440
7.14441 1440
7.14561 1440
7.1468 1440
7.148 1440
7.14919 1440
7.15039 1440
7.15158 1440
7.15278 1440
7.15397 1440
7.33451 1440
7.3357 1440
7.3369 1440
7.33809 1440
7.33929 1440
7.34048 1440
7.34168 1440
7.34287 1440
7.34407 1440
7.34526 1440
7.34646 1440
7.34765 1440
7.34885 1440
7.35004 1440
7.35124 1440
7.35243 1440
7.35363 1440
7.35482 1440
7.35602 1440
7.35721 1440
7.35841 1440
7.3596 1440
7.3608 1440
7.36199 1440
7.36319 1440
7.36439 1440
7.36558 1440
7.36678 1440
7.36797 1440
7.36917 1440
7.37036 1440
7.37156 1440
7.37275 1440
7.37395 1440
7.37514 1440
7.37634 1440
7.37753 1440
7.37873 1440
7.37992 1440
7.38112 1440
7.38231 1440
7.38351 1440
7.3847 1440
7.3859 1440
7.38709 1440
7.38829 1440
7.38948 1440
7.39068 1440
7.39187 1440
7.39307 1440
7.39427 1440
7.39546 1440
7.57599 1440
7.57719 1440
7.57838 1440
7.57958 1440
7.58077 1440
7.58197 1440
7.58316 1440
7.58436 1440
7.58555 1440
7.58675 1440
7.58794 1440
7.58914 1440
7.59033 1440
7.59153 1440
7.59272 1440
7.59392 1440
7.59511 1440
7.59631 1440
7.5975 1440
7.5987 1440
7.5999 1440
7.60109 1440
7.60229 1440
7.60348 1440
7.60468 1440
7.60587 1440
7.60707 1440
7.60826 1440
7.60946 1440
7.61065 1440
7.61185 1440
7.61304 1440
7.61424 1440
7.61543 1440
7.61663 1440
7.61782 1440
7.61902 1440
7.62021 1440
7.62141 1440
7.6226 1440
7.6238 1440
7.62499 1440
7.62619 1440
7.62738 1440
7.62858 1440
7.62978 1440
7.63097 1440
7.63217 1440
7.63336 1440
7.63456 1440
7.63575 1440
7.63695 1440
7.63814 1440
7.81867 1440
7.81987 1440
7.82106 1440
7.82226 1440
7.82345 1440
7.82465 1440
7.82584 1440
7.82704 1440
7.82823 1440
7.82943 1440
7.83062 1440
7.83182 1440
7.83301 1440
7.83421 1440
7.83541 1440
7.8366 1440
7.8378 1440
7.83899 1440
7.84019 1440
7.84138 1440
7.84258 1440
7.84377 1440
7.84497 1440
7.84616 1440
7.84736 1440
7.84855 1440
7.84975 1440
7.85094 1440
7.85214 1440
7.85333 1440
7.85453 1440
7.85572 1440
7.85692 1440
7.85811 1440
7.85931 1440
7.8605 1440
7.8617 1440
7.86289 1440
7.86409 1440
7.86529 1440
7.86648 1440
7.86768 1440
7.86887 1440
7.87007 1440
7.87126 1440
7.87246 1440
7.87365 1440
7.87485 1440
7.87604 1440
7.87724 1440
7.87843 1440
7.87963 1440
7.88082 1440
8.06017 1440
8.06136 1440
8.06256 1440
8.09602 1440
8.09722 1440
8.09841 1440
8.09961 1440
8.1008 1440
8.102 1440
8.10319 1440
8.10439 1440
8.10558 1440
8.10678 1440
8.10797 1440
8.10917 1440
8.11036 1440
8.11156 1440
8.11275 1440
8.11395 1440
8.11515 1440
8.11634 1440
8.11754 1440
8.11873 1440
8.11993 1440
8.12112 1440
8.12232 1440
8.30166 1440
8.30286 1440
8.30405 1440
8.3387 1440
8.3399 1440
8.34109 1440
8.34229 1440
8.34348 1440
8.34468 1440
8.34587 1440
8.34707 1440
8.34827 1440
8.34946 1440
8.35066 1440
8.35185 1440
8.35305 1440
8.35424 1440
8.35544 1440
8.35663 1440
8.35783 1440
8.35902 1440
8.36022 1440
8.36141 1440
8.36261 1440
8.3638 1440
8.54315 1440
8.54434 1440
8.54554 1440
8.54673 1440
8.58138 1440
8.58258 1440
8.58378 1440
8.58497 1440
8.58617 1440
8.58736 1440
8.58856 1440
8.58975 1440
8.59095 1440
8.59214 1440
8.59334 1440
8.59453 1440
8.59573 1440
8.59692 1440
8.59812 1440
8.59931 1440
8.60051 1440
8.6017 1440
8.6029 1440
8.60409 1440
8.60529 1440
8.60648 1440
8.78583 1440
8.78702 1440
8.78822 1440
8.78941 1440
8.82407 1440
8.82526 1440
8.82646 1440
8.82765 1440
8.82885 1440
8.83004 1440
8.83124 1440
8.83243 1440
8.83363 1440
8.83482 1440
8.83602 1440
8.83721 1440
8.83841 1440
8.8396 1440
8.8408 1440
8.84199 1440
8.84319 1440
8.84438 1440
8.84558 1440
8.84677 1440
8.84797 1440
8.84917 1440
8.85036 1440
9.02851 1440
9.0297 1440
9.0309 1440
9.03209 1440
9.06675 1440
9.06794 1440
9.06914 1440
9.07033 1440
9.07153 1440
9.07272 1440
9.07392 1440
9.07511 1440
9.07631 1440
9.0775 1440
9.0787 1440
9.07989 1440
9.08109 1440
9.08228 1440
9.08348 1440
9.08468 1440
9.08587 1440
9.08707 1440
9.08826 1440
9.08946 1440
9.09065 1440
9.09185 1440
9.26999 1440
9.27119 1440
9.27239 1440
9.27358 1440
9.30823 1440
9.30943 1440
9.31062 1440
9.31182 1440
9.31301 1440
9.31421 1440
9.3154 1440
9.3166 1440
9.31779 1440
9.31899 1440
9.32019 1440
9.32138 1440
9.32258 1440
9.32377 1440
9.32497 1440
9.32616 1440
9.32736 1440
9.32855 1440
9.32975 1440
9.33094 1440
9.33214 1440
9.33333 1440
9.33453 1440
9.51148 1440
9.51268 1440
9.51387 1440
9.51507 1440
9.54972 1440
9.55091 1440
9.55211 1440
9.55331 1440
9.5545 1440
9.5557 1440
9.55689 1440
9.55809 1440
9.55928 1440
9.56048 1440
9.56167 1440
9.56287 1440
9.56406 1440
9.56526 1440
9.56645 1440
9.56765 1440
9.56884 1440
9.57004 1440
9.57123 1440
9.57243 1440
9.57362 1440
9.57482 1440
9.57601 1440
9.57721 1440
9.75416 1440
9.75536 1440
9.75655 1440
9.75775 1440
9.7924 1440
9.7936 1440
9.79479 1440
9.79599 1440
9.79718 1440
9.79838 1440
9.79957 1440
9.80077 1440
9.80196 1440
9.80316 1440
9.80435 1440
9.80555 1440
9.80674 1440
9.80794 1440
9.80913 1440
9.81033 1440
9.81152 1440
9.81272 1440
9.81391 1440
9.81511 1440
9.8163 1440
9.8175 1440
9.8187 1440
9.81989 1440
9.82109 1440
9.99684 1440
9.99804 1440
9.99923 1440
10.0004 1440
10.0351 1440
10.0363 1440
10.0375 1440
10.0387 1440
10.0399 1440
10.0411 1440
10.0423 1440
10.0434 1440
10.0446 1440
10.0458 1440
10.047 1440
10.0482 1440
10.0494 1440
10.0506 1440
10.0518 1440
10.053 1440
10.0542 1440
10.0554 1440
10.0566 1440
10.0578 1440
10.059 1440
10.0602 1440
10.0614 1440
10.0626 1440
10.2383 1440
10.2395 1440
10.2407 1440
10.2419 1440
10.2766 1440
10.2778 1440
10.279 1440
10.2802 1440
10.2813 1440
10.2825 1440
10.2837 1440
10.2849 1440
10.2861 1440
10.2873 1440
10.2885 1440
10.2897 1440
10.2909 1440
10.2921 1440
10.2933 1440
10.2945 1440
10.2957 1440
10.2969 1440
10.2981 1440
10.2993 1440
10.3005 1440
10.3017 1440
10.3029 1440
10.3041 1440
10.3053 1440
10.4798 1440
10.481 1440
10.4822 1440
10.4834 1440
10.5181 1440
10.5192 1440
10.5204 1440
10.5216 1440
10.5228 1440
10.524 1440
10.5252 1440
10.5264 1440
10.5276 1440
10.5288 1440
10.53 1440
10.5312 1440
10.5324 1440
10.5336 1440
10.5348 1440
10.536 1440
10.5372 1440
10.5384 1440
10.5396 1440
10.5408 1440
10.542 1440
10.5432 1440
10.5443 1440
10.5455 1440
10.5467 1440
10.5479 1440
10.7225 1440
10.7237 1440
10.7249 1440
10.7261 1440
10.7607 1440
10.7619 1440
10.7631 1440
10.7643 1440
10.7655 1440
10.7667 1440
10.7679 1440
10.7691 1440
10.7703 1440
10.7715 1440
10.7727 1440
10.7739 1440
10.7751 1440
10.7763 1440
10.7775 1440
10.7787 1440
10.7799 1440
10.7811 1440
10.7822 1440
10.7834 1440
10.7846 1440
10.7858 1440
10.787 1440
10.7882 1440
10.7894 1440
10.7906 1440
10.7918 1440
10.9652 1440
10.9664 1440
10.9676 1440
10.9688 1440
11.0034 1440
11.0046 1440
11.0058 1440
11.007 1440
11.0082 1440
11.0094 1440
11.0106 1440
11.0118 1440
11.013 1440
11.0142 1440
11.0154 1440
11.0166 1440
11.0178 1440
11.019 1440
11.0201 1440
11.0213 1440
11.0225 1440
11.0237 1440
11.0249 1440
11.0261 1440
11.0273 1440
11.0285 1440
11.0297 1440
11.0309 1440
11.0321 1440
11.0333 1440
11.2067 1440
11.2079 1440
11.2091 1440
11.2102 1440
11.2449 1440
11.2461 1440
11.2473 1440
11.2485 1440
11.2497 1440
11.2509 1440
11.2521 1440
11.2533 1440
11.2545 1440
11.2557 1440
11.2569 1440
11.258 1440
11.2592 1440
11.2604 1440
11.2616 1440
11.2628 1440
11.264 1440
11.2652 1440
11.2664 1440
11.2676 1440
11.2688 1440
11.27 1440
11.2712 1440
11.2724 1440
11.2736 1440
11.2748 1440
11.276 1440
11.4482 1440
11.4493 1440
11.4505 1440
11.4517 1440
11.4864 1440
11.4876 1440
11.4888 1440
11.49 1440
11.4912 1440
11.4924 1440
11.4936 1440
11.4948 1440
11.496 1440
11.4971 1440
11.4983 1440
11.4995 1440
11.5007 1440
11.5019 1440
11.5031 1440
11.5043 1440
11.5055 1440
11.5067 1440
11.5079 1440
11.5091 1440
11.5103 1440
11.5115 1440
11.5127 1440
11.5139 1440
11.5151 1440
11.5163 1440
11.5175 1440
11.5187 1440
11.6908 1440
11.692 1440
11.6932 1440
11.6944 1440
11.7291 1440
11.7303 1440
11.7315 1440
11.7327 1440
11.7339 1440
11.735 1440
11.7362 1440
11.7374 1440
11.7386 1440
11.7398 1440
11.741 1440
11.7422 1440
11.7434 1440
11.7446 1440
11.7458 1440
11.747 1440
11.7482 1440
11.7494 1440
11.7506 1440
11.7518 1440
11.753 1440
11.7542 1440
11.7554 1440
11.7566 1440
11.7578 1440
11.759 1440
11.7601 1440
11.7613 1440
11.7625 1440
11.9335 1440
11.9347 1440
11.9359 1440
11.9371 1440
11.9718 1440
11.9729 1440
11.9741 1440
11.9753 1440
11.9765 1440
11.9777 1440
11.9789 1440
11.9801 1440
11.9813 1440
11.9825 1440
11.9837 1440
11.9849 1440
11.9861 1440
11.9873 1440
11.9885 1440
11.9897 1440
11.9909 1440
11.9921 1440
11.9933 1440
11.9945 1440
11.9957 1440
11.9969 1440
11.998 1440
11.9992 1440
12.0004 1440
12.0016 1440
12.0028 1440
12.004 1440
12.175 1440
12.1762 1440
12.1774 1440
12.1786 1440
12.2132 1440
12.2144 1440
12.2156 1440
12.2168 1440
12.218 1440
12.2192 1440
12.2204 1440
12.2216 1440
12.2228 1440
12.224 1440
12.2252 1440
12.2264 1440
12.2276 1440
12.2288 1440
12.23 1440
12.2312 1440
12.2324 1440
12.2336 1440
12.2348 1440
12.2359 1440
12.2371 1440
12.2383 1440
12.2395 1440
12.2407 1440
12.2419 1440
12.2431 1440
12.2443 1440
12.2455 1440
12.2467 1440
12.4177 1440
12.4189 1440
12.4201 1440
12.4213 1440
12.4547 1440
12.4559 1440
12.4571 1440
12.4583 1440
12.4595 1440
12.4607 1440
12.4619 1440
12.4631 1440
12.4643 1440
12.4655 1440
12.4667 1440
12.4679 1440
12.4691 1440
12.4703 1440
12.4715 1440
12.4727 1440
12.4738 1440
12.475 1440
12.4762 1440
12.4774 1440
12.4786 1440
12.4798 1440
12.481 1440
12.4822 1440
12.4834 1440
12.4846 1440
12.4858 1440
12.487 1440
12.4882 1440
12.4894 1440
12.6615 1440
12.6627 1440
12.6639 1440
12.6651 1440
12.6974 1440
12.6986 1440
12.6998 1440
12.701 1440
12.7022 1440
12.7034 1440
12.7046 1440
12.7058 1440
12.707 1440
12.7082 1440
12.7094 1440
12.7106 1440
12.7117 1440
12.7129 1440
12.7141 1440
12.7153 1440
12.7165 1440
12.7177 1440
12.7189 1440
12.7201 1440
12.7213 1440
12.7225 1440
12.7237 1440
12.7249 1440
12.7261 1440
12.7273 1440
12.7285 1440
12.7297 1440
12.7309 1440
12.7321 1440
12.9042 1440
12.9054 1440
12.9066 1440
12.9078 1440
12.909 1440
12.9401 1440
12.9413 1440
12.9425 1440
12.9437 1440
12.9449 1440
12.9461 1440
12.9473 1440
12.9485 1440
12.9496 1440
12.9508 1440
12.952 1440
12.9532 1440
12.9544 1440
12.9556 1440
12.9568 1440
12.958 1440
12.9592 1440
12.9604 1440
12.9616 1440
12.9628 1440
12.964 1440
12.9652 1440
12.9664 1440
12.9676 1440
12.9688 1440
12.97 1440
12.9712 1440
12.9724 1440
12.9736 1440
12.9747 1440
13.1493 1440
13.1505 1440
13.1517 1440
13.1529 1440
13.1816 1440
13.1828 1440
13.184 1440
13.1852 1440
13.1864 1440
13.1875 1440
13.1887 1440
13.1899 1440
13.1911 1440
13.1923 1440
13.1935 1440
13.1947 1440
13.1959 1440
13.1971 1440
13.1983 1440
13.1995 1440
13.2007 1440
13.2019 1440
13.2031 1440
13.2043 1440
13.2055 1440
13.2067 1440
13.2079 1440
13.2091 1440
13.2103 1440
13.2115 1440
13.2126 1440
13.2138 1440
13.215 1440
13.2162 1440
13.3908 1440
13.392 1440
13.3932 1440
13.3944 1440
13.4231 1440
13.4243 1440
13.4254 1440
13.4266 1440
13.4278 1440
13.429 1440
13.4302 1440
13.4314 1440
13.4326 1440
13.4338 1440
13.435 1440
13.4362 1440
13.4374 1440
13.4386 1440
13.4398 1440
13.441 1440
13.4422 1440
13.4434 1440
13.4446 1440
13.4458 1440
13.447 1440
13.4482 1440
13.4494 1440
13.4505 1440
13.4517 1440
13.4529 1440
13.4541 1440
13.4553 1440
13.4565 1440
13.4577 1440
13.4589 1440
13.6347 1440
13.6359 1440
13.6371 1440
13.6382 1440
13.6645 1440
13.6657 1440
13.6669 1440
13.6681 1440
13.6693 1440
13.6705 1440
13.6717 1440
13.6729 1440
13.6741 1440
13.6753 1440
13.6765 1440
13.6777 1440
13.6789 1440
13.6801 1440
13.6813 1440
13.6825 1440
13.6837 1440
13.6849 1440
13.6861 1440
13.6873 1440
13.6884 1440
13.6896 1440
13.6908 1440
13.692 1440
13.6932 1440
13.6944 1440
13.6956 1440
13.6968 1440
13.698 1440
13.6992 1440
13.7004 1440
13.7016 1440
13.8773 1440
13.8785 1440
13.8797 1440
13.8809 1440
13.9072 1440
13.9084 1440
13.9096 1440
13.9108 1440
13.912 1440
13.9132 1440
13.9144 1440
13.9156 1440
13.9168 1440
13.918 1440
13.9192 1440
13.9204 1440
13.9216 1440
13.9228 1440
13.924 1440
13.9252 1440
13.9263 1440
13.9275 1440
13.9287 1440
13.9299 1440
13.9311 1440
13.9323 1440
13.9335 1440
13.9347 1440
13.9359 1440
13.9371 1440
13.9383 1440
13.9395 1440
13.9407 1440
13.9419 1440
13.9431 1440
13.9443 1440
13.9455 1440
14.1212 1440
14.1224 1440
14.1236 1440
14.1248 1440
14.1499 1440
14.1511 1440
14.1523 1440
14.1535 1440
14.1547 1440
14.1559 1440
14.1571 1440
14.1583 1440
14.1595 1440
14.1607 1440
14.1619 1440
14.1631 1440
14.1642 1440
14.1654 1440
14.1666 1440
14.1678 1440
14.169 1440
14.1702 1440
14.1714 1440
14.1726 1440
14.1738 1440
14.175 1440
14.1762 1440
14.1774 1440
14.1786 1440
14.1798 1440
14.181 1440
14.1822 1440
14.1834 1440
14.1846 1440
14.1858 1440
14.187 1440
14.3639 1440
14.3651 1440
14.3663 1440
14.3675 1440
14.3914 1440
14.3926 1440
14.3938 1440
14.395 1440
14.3962 1440
14.3974 1440
14.3986 1440
14.3998 1440
14.401 1440
14.4021 1440
14.4033 1440
14.4045 1440
14.4057 1440
14.4069 1440
14.4081 1440
14.4093 1440
14.4105 1440
14.4117 1440
14.4129 1440
14.4141 1440
14.4153 1440
14.4165 1440
14.4177 1440
14.4189 1440
14.4201 1440
14.4213 1440
14.4225 1440
14.4237 1440
14.4249 1440
14.4261 1440
14.4272 1440
14.4284 1440
14.4296 1440
14.6078 1440
14.609 1440
14.6102 1440
14.6114 1440
14.6329 1440
14.6341 1440
14.6353 1440
14.6365 1440
14.6377 1440
14.6389 1440
14.6401 1440
14.6412 1440
14.6424 1440
14.6436 1440
14.6448 1440
14.646 1440
14.6472 1440
14.6484 1440
14.6496 1440
14.6508 1440
14.652 1440
14.6532 1440
14.6544 1440
14.6556 1440
14.6568 1440
14.658 1440
14.6592 1440
14.6604 1440
14.6616 1440
14.6628 1440
14.664 1440
14.6651 1440
14.6663 1440
14.6675 1440
14.6687 1440
14.6699 1440
14.6711 1440
14.6723 1440
14.8505 1440
14.8517 1440
14.8529 1440
14.854 1440
14.8756 1440
14.8768 1440
14.878 1440
14.8791 1440
14.8803 1440
14.8815 1440
14.8827 1440
14.8839 1440
14.8851 1440
14.8863 1440
14.8875 1440
14.8887 1440
14.8899 1440
14.8911 1440
14.8923 1440
14.8935 1440
14.8947 1440
14.8959 1440
14.8971 1440
14.8983 1440
14.8995 1440
14.9007 1440
14.9019 1440
14.903 1440
14.9042 1440
14.9054 1440
14.9066 1440
14.9078 1440
14.909 1440
14.9102 1440
14.9114 1440
14.9126 1440
14.9138 1440
14.915 1440
14.9162 1440
15.0931 1440
15.0943 1440
15.0955 1440
15.0967 1440
15.1182 1440
15.1194 1440
15.1206 1440
15.1218 1440
15.123 1440
15.1242 1440
15.1254 1440
15.1266 1440
15.1278 1440
15.129 1440
15.1302 1440
15.1314 1440
15.1326 1440
15.1338 1440
15.135 1440
15.1362 1440
15.1374 1440
15.1386 1440
15.1398 1440
15.141 1440
15.1421 1440
15.1433 1440
15.1445 1440
15.1457 1440
15.1469 1440
15.1481 1440
15.1493 1440
15.1505 1440
15.1517 1440
15.1529 1440
15.1541 1440
15.1553 1440
15.1565 1440
15.1577 1440
15.3346 1440
15.3358 1440
15.337 1440
15.3382 1440
15.3597 1440
15.3609 1440
15.3621 1440
15.3633 1440
15.3645 1440
15.3657 1440
15.3669 1440
15.3681 1440
15.3693 1440
15.3705 1440
15.3717 1440
15.3729 1440
15.3741 1440
15.3753 1440
15.3765 1440
15.3777 1440
15.3789 1440
15.38 1440
15.3812 1440
15.3824 1440
15.3836 1440
15.3848 1440
15.386 1440
15.3872 1440
15.3884 1440
15.3896 1440
15.3908 1440
15.392 1440
15.3932 1440
15.3944 1440
15.3956 1440
15.3968 1440
15.398 1440
15.3992 1440
15.4004 1440
15.5773 1440
15.5785 1440
15.5797 1440
15.5809 1440
15.6012 1440
15.6024 1440
15.6036 1440
15.6048 1440
15.606 1440
15.6072 1440
15.6084 1440
15.6096 1440
15.6108 1440
15.612 1440
15.6132 1440
15.6144 1440
15.6156 1440
15.6168 1440
15.6179 1440
15.6191 1440
15.6203 1440
15.6215 1440
15.6227 1440
15.6239 1440
15.6251 1440
15.6263 1440
15.6275 1440
15.6287 1440
15.6299 1440
15.6311 1440
15.6323 1440
15.6335 1440
15.6347 1440
15.6359 1440
15.6371 1440
15.6383 1440
15.6395 1440
15.6407 1440
15.6419 1440
15.643 1440
15.8212 1440
15.8224 1440
15.8236 1440
15.8248 1440
15.8439 1440
15.8451 1440
15.8463 1440
15.8475 1440
15.8487 1440
15.8499 1440
15.8511 1440
15.8523 1440
15.8535 1440
15.8547 1440
15.8558 1440
15.857 1440
15.8582 1440
15.8594 1440
15.8606 1440
15.8618 1440
15.863 1440
15.8642 1440
15.8654 1440
15.8666 1440
15.8678 1440
15.869 1440
15.8702 1440
15.8714 1440
15.8726 1440
15.8738 1440
15.875 1440
15.8762 1440
15.8774 1440
15.8786 1440
15.8798 1440
15.8809 1440
15.8821 1440
15.8833 1440
15.8845 1440
15.8857 1440
15.8869 1440
16.0639 1440
16.0651 1440
16.0663 1440
16.0675 1440
16.0866 1440
16.0878 1440
16.089 1440
16.0902 1440
16.0914 1440
16.0926 1440
16.0937 1440
16.0949 1440
16.0961 1440
16.0973 1440
16.0985 1440
16.0997 1440
16.1009 1440
16.1021 1440
16.1033 1440
16.1045 1440
16.1057 1440
16.1069 1440
16.1081 1440
16.1093 1440
16.1105 1440
16.1117 1440
16.1129 1440
16.1141 1440
16.1153 1440
16.1165 1440
16.1177 1440
16.1188 1440
16.12 1440
16.1212 1440
16.1224 1440
16.1236 1440
16.1248 1440
16.126 1440
16.1272 1440
16.1284 1440
16.3054 1440
16.3066 1440
16.3078 1440
16.309 1440
16.3281 1440
16.3293 1440
16.3305 1440
16.3316 1440
16.3328 1440
16.334 1440
16.3352 1440
16.3364 1440
16.3376 1440
16.3388 1440
16.34 1440
16.3412 1440
16.3424 1440
16.3436 1440
16.3448 1440
16.346 1440
16.3472 1440
16.3484 1440
16.3496 1440
16.3508 1440
16.352 1440
16.3532 1440
16.3544 1440
16.3556 1440
16.3567 1440
16.3579 1440
16.3591 1440
16.3603 1440
16.3615 1440
16.3627 1440
16.3639 1440
16.3651 1440
16.3663 1440
16.3675 1440
16.3687 1440
16.3699 1440
16.3711 1440
16.5469 1440
16.5481 1440
16.5492 1440
16.5504 1440
16.5695 1440
16.5707 1440
16.5719 1440
16.5731 1440
16.5743 1440
16.5755 1440
16.5767 1440
16.5779 1440
16.5791 1440
16.5803 1440
16.5815 1440
16.5827 1440
16.5839 1440
16.5851 1440
16.5863 1440
16.5875 1440
16.5887 1440
16.5899 1440
16.5911 1440
16.5923 1440
16.5935 1440
16.5946 1440
16.5958 1440
16.597 1440
16.5982 1440
16.5994 1440
16.6006 1440
16.603 1440
16.6042 1440
16.6054 1440
16.6066 1440
16.6078 1440
16.609 1440
16.6102 1440
16.6114 1440
16.6126 1440
16.6138 1440
16.7895 1440
16.7907 1440
16.7919 1440
16.7931 1440
16.8122 1440
16.8134 1440
16.8146 1440
16.8158 1440
16.817 1440
16.8182 1440
16.8194 1440
16.8206 1440
16.8218 1440
16.823 1440
16.8242 1440
16.8254 1440
16.8266 1440
16.8278 1440
16.829 1440
16.8302 1440
16.8314 1440
16.8325 1440
16.8337 1440
16.8349 1440
16.8361 1440
16.8373 1440
16.8385 1440
16.8397 1440
16.8409 1440
16.8421 1440
16.8445 1440
16.8457 1440
16.8469 1440
16.8481 1440
17.0657 1440
17.0669 1440
17.0681 1440
17.0693 1440
17.0705 1440
17.0717 1440
17.0728 1440
17.074 1440
17.0752 1440
17.0764 1440
17.0776 1440
17.0788 1440
17.08 1440
17.0812 1440
17.0824 1440
17.0836 1440
17.086 1440
17.0872 1440
17.0884 1440
17.0896 1440
17.3084 1440
17.3096 1440
17.3107 1440
17.3119 1440
17.3131 1440
17.3143 1440
17.3155 1440
17.3167 1440
17.3179 1440
17.3191 1440
17.3203 1440
17.3215 1440
17.3227 1440
17.3239 1440
17.3251 1440
17.3263 1440
17.3287 1440
17.3299 1440
17.3311 1440
17.3323 1440
17.551 1440
17.5522 1440
17.5534 1440
17.5546 1440
17.5558 1440
17.557 1440
17.5582 1440
17.5594 1440
17.5606 1440
17.5618 1440
17.563 1440
17.5642 1440
17.5654 1440
17.5666 1440
17.5678 1440
17.569 1440
17.5714 1440
17.5726 1440
17.5738 1440
17.5749 1440
17.7937 1440
17.7949 1440
17.7961 1440
17.7973 1440
17.7985 1440
17.7997 1440
17.8009 1440
17.8021 1440
17.8033 1440
17.8045 1440
17.8057 1440
17.8069 1440
17.8081 1440
17.8093 1440
17.8105 1440
17.8116 1440
17.8128 1440
17.814 1440
17.8152 1440
17.8164 1440
17.8176 1440
18.0364 1440
18.0376 1440
18.0388 1440
18.04 1440
18.0412 1440
18.0424 1440
18.0436 1440
18.0448 1440
18.046 1440
18.0472 1440
18.0484 1440
18.0495 1440
18.0507 1440
18.0519 1440
18.0531 1440
18.0543 1440
18.0555 1440
18.0567 1440
18.0579 1440
18.0591 1440
18.2591 1440
18.2791 1440
18.2803 1440
18.2815 1440
18.2827 1440
18.2839 1440
18.2851 1440
18.2863 1440
18.2874 1440
18.2886 1440
18.2898 1440
18.291 1440
18.2922 1440
18.2934 1440
18.2946 1440
18.2958 1440
18.297 1440
18.2982 1440
18.2994 1440
18.3006 1440
18.3018 1440
18.303 1440
18.5206 1440
18.5218 1440
18.523 1440
18.5242 1440
18.5253 1440
18.5265 1440
18.5277 1440
18.5289 1440
18.5301 1440
18.5313 1440
18.5325 1440
18.5337 1440
18.5349 1440
18.5361 1440
18.5373 1440
18.5385 1440
18.5397 1440
18.5409 1440
18.5421 1440
18.5433 1440
18.5445 1440
18.5457 1440
18.7632 1440
18.7644 1440
18.7656 1440
18.7668 1440
18.768 1440
18.7692 1440
18.7704 1440
18.7716 1440
18.7728 1440
18.774 1440
18.7752 1440
18.7764 1440
18.7776 1440
18.7788 1440
18.78 1440
18.7812 1440
18.7824 1440
18.7836 1440
18.7848 1440
18.786 1440
18.7872 1440
18.7883 1440
18.7895 1440
19.0059 1440
19.0071 1440
19.0083 1440
19.0095 1440
19.0107 1440
19.0119 1440
19.0131 1440
19.0143 1440
19.0155 1440
19.0167 1440
19.0179 1440
19.0191 1440
19.0203 1440
19.0215 1440
19.0227 1440
19.0239 1440
19.0251 1440
19.0262 1440
19.0274 1440
19.0286 1440
19.0298 1440
19.031 1440
19.231 1440
19.2486 1440
19.2498 1440
19.251 1440
19.2522 1440
19.2534 1440
19.2546 1440
19.2558 1440
19.257 1440
19.2582 1440
19.2594 1440
19.2606 1440
19.2618 1440
19.263 1440
19.2641 1440
19.2653 1440
19.2665 1440
19.2677 1440
19.2689 1440
19.2701 1440
19.2713 1440
19.2725 1440
19.2737 1440
19.2749 1440
19.4901 1440
19.4913 1440
19.4925 1440
19.4937 1440
19.4949 1440
19.4961 1440
19.4973 1440
19.4985 1440
19.4997 1440
19.5009 1440
19.502 1440
19.5032 1440
19.5044 1440
19.5056 1440
19.5068 1440
19.508 1440
19.5092 1440
19.5104 1440
19.5116 1440
19.5128 1440
19.514 1440
19.5152 1440
19.5164 1440
19.5176 1440
19.7328 1440
19.734 1440
19.7352 1440
19.7364 1440
19.7376 1440
19.7388 1440
19.74 1440
19.7411 1440
19.7423 1440
19.7435 1440
19.7447 1440
19.7459 1440
19.7471 1440
19.7483 1440
19.7495 1440
19.7507 1440
19.7519 1440
19.7531 1440
19.7543 1440
19.7555 1440
19.7567 1440
19.7579 1440
19.7591 1440
19.7603 1440
19.7615 1440
19.9755 1440
19.9767 1440
19.9779 1440
19.979 1440
19.9802 1440
19.9814 1440
19.9826 1440
19.9838 1440
19.985 1440
19.9862 1440
19.9874 1440
19.9886 1440
19.9898 1440
19.991 1440
19.9922 1440
19.9934 1440
19.9946 1440
19.9958 1440
19.997 1440
19.9982 1440
19.9994 1440
20.0006 1440
20.0018 1440
20.0029 1440
20.2029 1440
20.2181 1440
20.2193 1440
20.2205 1440
20.2217 1440
20.2229 1440
20.2241 1440
20.2253 1440
20.2265 1440
20.2277 1440
20.2289 1440
20.2301 1440
20.2313 1440
20.2325 1440
20.2337 1440
20.2349 1440
20.2361 1440
20.2373 1440
20.2385 1440
20.2397 1440
20.2409 1440
20.242 1440
20.2432 1440
20.2444 1440
20.2456 1440
20.2468 1440
20.4596 1440
20.4608 1440
20.462 1440
20.4632 1440
20.4644 1440
20.4656 1440
20.4668 1440
20.468 1440
20.4692 1440
20.4704 1440
20.4716 1440
20.4728 1440
20.474 1440
20.4752 1440
20.4764 1440
20.4776 1440
20.4788 1440
20.4799 1440
20.4811 1440
20.4823 1440
20.4835 1440
20.4847 1440
20.4859 1440
20.4871 1440
20.4883 1440
20.4895 1440
20.7023 1440
20.7035 1440
20.7047 1440
20.7059 1440
20.7071 1440
20.7083 1440
20.7095 1440
20.7107 1440
20.7119 1440
20.7131 1440
20.7143 1440
20.7155 1440
20.7167 1440
20.7178 1440
20.719 1440
20.7202 1440
20.7214 1440
20.7226 1440
20.7238 1440
20.725 1440
20.7262 1440
20.7274 1440
20.7286 1440
20.7298 1440
20.731 1440
20.7322 1440
20.7334 1440
20.945 1440
20.9462 1440
20.9474 1440
20.9486 1440
20.9498 1440
20.951 1440
20.9522 1440
20.9534 1440
20.9546 1440
20.9557 1440
20.9569 1440
20.9581 1440
20.9593 1440
20.9605 1440
20.9617 1440
20.9629 1440
20.9641 1440
20.9653 1440
20.9665 1440
20.9677 1440
20.9689 1440
20.9701 1440
20.9713 1440
20.9725 1440
20.9737 1440
20.9749 1440
21.1749 1440
21.1877 1440
21.1889 1440
21.1901 1440
21.1913 1440
21.1925 1440
21.1936 1440
21.1948 1440
21.196 1440
21.1972 1440
21.1984 1440
21.1996 1440
21.2008 1440
21.202 1440
21.2032 1440
21.2044 1440
21.2056 1440
21.2068 1440
21.208 1440
21.2092 1440
21.2104 1440
21.2116 1440
21.2128 1440
21.214 1440
21.2152 1440
21.2164 1440
21.2176 1440
21.2187 1440
21.4292 1440
21.4304 1440
21.4315 1440
21.4327 1440
21.4339 1440
21.4351 1440
21.4363 1440
21.4375 1440
21.4387 1440
21.4399 1440
21.4411 1440
21.4423 1440
21.4435 1440
21.4447 1440
21.4459 1440
21.4471 1440
21.4483 1440
21.4495 1440
21.4507 1440
21.4519 1440
21.4531 1440
21.4543 1440
21.4555 1440
21.4566 1440
21.4578 1440
21.459 1440
21.4602 1440
21.4614 1440
21.6718 1440
21.673 1440
21.6742 1440
21.6754 1440
21.6766 1440
21.6778 1440
21.679 1440
21.6802 1440
21.6814 1440
21.6826 1440
21.6838 1440
21.685 1440
21.6862 1440
21.6874 1440
21.6886 1440
21.6898 1440
21.691 1440
21.6922 1440
21.6934 1440
21.6945 1440
21.6957 1440
21.6969 1440
21.6981 1440
21.6993 1440
21.7005 1440
21.7017 1440
21.7029 1440
21.7041 1440
21.7053 1440
21.9145 1440
21.9157 1440
21.9169 1440
21.9181 1440
21.9193 1440
21.9205 1440
21.9217 1440
21.9229 1440
21.9241 1440
21.9253 1440
21.9265 1440
21.9277 1440
21.9289 1440
21.9301 1440
21.9313 1440
21.9324 1440
21.9336 1440
21.9348 1440
21.936 1440
21.9372 1440
21.9384 1440
21.9396 1440
21.9408 1440
21.942 1440
21.9432 1440
21.9444 1440
21.9456 1440
21.9468 1440
22.1468 1440
22.1572 1440
22.1584 1440
22.1596 1440
22.1608 1440
22.162 1440
22.1632 1440
22.1644 1440
22.1656 1440
22.1668 1440
22.168 1440
22.1692 1440
22.1703 1440
22.1715 1440
22.1727 1440
22.1739 1440
22.1751 1440
22.1763 1440
22.1775 1440
22.1787 1440
22.1799 1440
22.1811 1440
22.1823 1440
22.1835 1440
22.1847 1440
22.1859 1440
22.1871 1440
22.1883 1440
22.1895 1440
22.1907 1440
22.3987 1440
22.3999 1440
22.4011 1440
22.4023 1440
22.4035 1440
22.4047 1440
22.4059 1440
22.4071 1440
22.4082 1440
22.4094 1440
22.4106 1440
22.4118 1440
22.413 1440
22.4142 1440
22.4178 1440
22.419 1440
22.4202 1440
22.4214 1440
22.4226 1440
22.4238 1440
22.425 1440
22.4262 1440
22.4274 1440
22.4286 1440
22.4298 1440
22.431 1440
22.4322 1440
22.4333 1440
22.4345 1440
22.4357 1440
22.6414 1440
22.6426 1440
22.6438 1440
22.645 1440
22.6461 1440
22.6473 1440
22.6485 1440
22.6497 1440
22.6509 1440
22.6521 1440
22.6533 1440
22.6545 1440
22.6557 1440
22.6569 1440
22.6605 1440
22.6617 1440
22.6629 1440
22.6641 1440
22.6653 1440
22.6665 1440
22.6677 1440
22.6689 1440
22.6701 1440
22.6712 1440
22.6724 1440
22.6736 1440
22.6748 1440
22.676 1440
22.6772 1440
22.6784 1440
22.6796 1440
22.8841 1440
22.8852 1440
22.8864 1440
22.8876 1440
22.8888 1440
22.89 1440
22.8912 1440
22.8924 1440
22.8936 1440
22.8948 1440
22.896 1440
22.8972 1440
22.8984 1440
22.8996 1440
22.9032 1440
22.9044 1440
22.9056 1440
22.9068 1440
22.908 1440
22.9091 1440
22.9103 1440
22.9115 1440
22.9127 1440
22.9139 1440
22.9151 1440
22.9163 1440
22.9175 1440
22.9187 1440
22.9199 1440
22.9211 1440
23.1211 1440
23.1267 1440
23.1279 1440
23.1291 1440
23.1303 1440
23.1315 1440
23.1327 1440
23.1339 1440
23.1351 1440
23.1363 1440
23.1375 1440
23.1387 1440
23.1399 1440
23.1411 1440
23.1423 1440
23.1459 1440
23.147 1440
23.1482 1440
23.1494 1440
23.1506 1440
23.1518 1440
23.153 1440
23.1542 1440
23.1554 1440
23.1566 1440
23.1578 1440
23.159 1440
23.1602 1440
23.1614 1440
23.1626 1440
23.1638 1440
23.165 1440
23.3682 1440
23.3694 1440
23.3706 1440
23.3718 1440
23.373 1440
23.3742 1440
23.3754 1440
23.3766 1440
23.3778 1440
23.379 1440
23.3802 1440
23.3814 1440
23.3826 1440
23.3838 1440
23.3873 1440
23.3885 1440
23.3897 1440
23.3909 1440
23.3921 1440
23.3933 1440
23.3945 1440
23.3957 1440
23.3969 1440
23.3981 1440
23.3993 1440
23.4005 1440
23.4017 1440
23.4029 1440
23.4041 1440
23.4053 1440
23.4065 1440
23.4077 1440
23.6109 1440
23.6121 1440
23.6133 1440
23.6145 1440
23.6157 1440
23.6169 1440
23.6181 1440
23.6193 1440
23.6205 1440
23.6217 1440
23.6229 1440
23.624 1440
23.6252 1440
23.6264 1440
23.63 1440
23.6312 1440
23.6324 1440
23.6336 1440
23.6348 1440
23.636 1440
23.6372 1440
23.6384 1440
23.6396 1440
23.6408 1440
23.642 1440
23.6432 1440
23.6444 1440
23.6456 1440
23.6468 1440
23.6479 1440
23.6491 1440
23.6503 1440
23.8536 1440
23.8548 1440
23.856 1440
23.8572 1440
23.8584 1440
23.8596 1440
23.8608 1440
23.8619 1440
23.8631 1440
23.8643 1440
23.8655 1440
23.8667 1440
23.8679 1440
23.8691 1440
23.8703 1440
23.8727 1440
23.8739 1440
23.8751 1440
23.8763 1440
23.8775 1440
23.8787 1440
23.8799 1440
23.8811 1440
23.8823 1440
23.8835 1440
23.8847 1440
23.8859 1440
23.887 1440
23.8882 1440
23.8894 1440
23.8906 1440
23.8918 1440
23.893 1440
24.0963 1440
24.0975 1440
24.0987 1440
24.0998 1440
24.101 1440
24.1022 1440
24.1034 1440
24.1046 1440
24.1058 1440
24.107 1440
24.1082 1440
24.1094 1440
24.1106 1440
24.1118 1440
24.1142 1440
24.1154 1440
24.1166 1440
24.1178 1440
24.119 1440
24.1202 1440
24.1214 1440
24.1226 1440
24.1238 1440
24.1249 1440
24.1261 1440
24.1273 1440
24.1285 1440
24.1297 1440
24.1309 1440
24.1321 1440
24.1333 1440
24.1345 1440
24.3345 1440
24.3389 1440
24.3401 1440
24.3413 1440
24.3425 1440
24.3437 1440
24.3449 1440
24.3461 1440
24.3473 1440
24.3485 1440
24.3497 1440
24.3509 1440
24.3521 1440
24.3533 1440
24.3545 1440
24.3557 1440
24.3569 1440
24.3581 1440
24.3593 1440
24.3605 1440
24.3617 1440
24.3628 1440
24.364 1440
24.3652 1440
24.3664 1440
24.3676 1440
24.3688 1440
24.37 1440
24.3712 1440
24.3724 1440
24.3736 1440
24.3748 1440
24.376 1440
24.3772 1440
24.5804 1440
24.5816 1440
24.5828 1440
24.584 1440
24.5852 1440
24.5864 1440
24.5876 1440
24.5888 1440
24.59 1440
24.5912 1440
24.5924 1440
24.5936 1440
24.5948 1440
24.596 1440
24.5972 1440
24.5984 1440
24.5996 1440
24.6007 1440
24.6019 1440
24.6031 1440
24.6043 1440
24.6055 1440
24.6067 1440
24.6079 1440
24.6091 1440
24.6103 1440
24.6115 1440
24.6127 1440
24.6139 1440
24.6151 1440
24.6163 1440
24.6175 1440
24.6187 1440
24.6199 1440
24.8231 1440
24.8243 1440
24.8255 1440
24.8267 1440
24.8279 1440
24.8291 1440
24.8303 1440
24.8315 1440
24.8327 1440
24.8339 1440
24.8351 1440
24.8363 1440
24.8375 1440
24.8386 1440
24.8398 1440
24.841 1440
24.8422 1440
24.8434 1440
24.8446 1440
24.8458 1440
24.847 1440
24.8482 1440
24.8494 1440
24.8506 1440
24.8518 1440
24.853 1440
24.8542 1440
24.8554 1440
24.8566 1440
24.8578 1440
24.859 1440
24.8602 1440
24.8614 1440
24.8626 1440
24.8637 1440
25.0658 1440
25.067 1440
25.0682 1440
25.0694 1440
25.0706 1440
25.0718 1440
25.073 1440
25.0742 1440
25.0754 1440
25.0765 1440
25.0777 1440
25.0789 1440
25.0801 1440
25.0813 1440
25.0825 1440
25.0837 1440
25.0849 1440
25.0861 1440
25.0873 1440
25.0885 1440
25.0897 1440
25.0909 1440
25.0921 1440
25.0933 1440
25.0945 1440
25.0957 1440
25.0969 1440
25.0981 1440
25.0993 1440
25.1005 1440
25.1016 1440
25.1028 1440
25.104 1440
25.1052 1440
25.3052 1440
25.3085 1440
25.3097 1440
25.3109 1440
25.3121 1440
25.3133 1440
25.3144 1440
25.3156 1440
25.3168 1440
25.318 1440
25.3192 1440
25.3204 1440
25.3216 1440
25.3228 1440
25.324 1440
25.3252 1440
25.3264 1440
25.3276 1440
25.3288 1440
25.33 1440
25.3312 1440
25.3324 1440
25.3336 1440
25.3348 1440
25.336 1440
25.3372 1440
25.3384 1440
25.3395 1440
25.3407 1440
25.3419 1440
25.3431 1440
25.3443 1440
25.3455 1440
25.3467 1440
25.3479 1440
25.3491 1440
25.55 1440
25.5512 1440
25.5523 1440
25.5535 1440
25.5547 1440
25.5559 1440
25.5571 1440
25.5583 1440
25.5595 1440
25.5607 1440
25.5619 1440
25.5631 1440
25.5643 1440
25.5655 1440
25.5667 1440
25.5679 1440
25.5691 1440
25.5703 1440
25.5715 1440
25.5727 1440
25.5739 1440
25.5751 1440
25.5763 1440
25.5774 1440
25.5786 1440
25.5798 1440
25.581 1440
25.5822 1440
25.5834 1440
25.5846 1440
25.5858 1440
25.587 1440
25.5882 1440
25.5894 1440
25.5906 1440
25.5918 1440
25.7926 1440
25.7938 1440
25.795 1440
25.7962 1440
25.7974 1440
25.7986 1440
25.7998 1440
25.801 1440
25.8022 1440
25.8034 1440
25.8046 1440
25.8058 1440
25.807 1440
25.8082 1440
25.8094 1440
25.8106 1440
25.8118 1440
25.813 1440
25.8142 1440
25.8153 1440
25.8165 1440
25.8177 1440
25.8189 1440
25.8201 1440
25.8213 1440
25.8225 1440
25.8237 1440
25.8249 1440
25.8261 1440
25.8273 1440
25.8285 1440
25.8297 1440
25.8309 1440
25.8321 1440
25.8333 1440
25.8345 1440
25.8357 1440
26.0353 1440
26.0365 1440
26.0377 1440
26.0389 1440
26.0401 1440
26.0413 1440
26.0425 1440
26.0437 1440
26.0449 1440
26.0461 1440
26.0473 1440
26.0485 1440
26.0497 1440
26.0509 1440
26.0521 1440
26.0532 1440
26.0544 1440
26.0556 1440
26.0568 1440
26.058 1440
26.0592 1440
26.0604 1440
26.0616 1440
26.0628 1440
26.064 1440
26.0652 1440
26.0664 1440
26.0676 1440
26.0688 1440
26.07 1440
26.0712 1440
26.0724 1440
26.0736 1440
26.0748 1440
26.076 1440
26.0772 1440
26.2768 1440
26.278 1440
26.2792 1440
26.2804 1440
26.2816 1440
26.2828 1440
26.284 1440
26.2852 1440
26.2864 1440
26.2876 1440
26.2888 1440
26.29 1440
26.2911 1440
26.2923 1440
26.2935 1440
26.2947 1440
26.2959 1440
26.2971 1440
26.2983 1440
26.2995 1440
26.3007 1440
26.3019 1440
26.3031 1440
26.3043 1440
26.3055 1440
26.3067 1440
26.3079 1440
26.3091 1440
26.3103 1440
26.3115 1440
26.3127 1440
26.3139 1440
26.3151 1440
26.3162 1440
26.3174 1440
26.3186 1440
26.3198 1440
26.5183 1440
26.5195 1440
26.5207 1440
26.5219 1440
26.5231 1440
26.5243 1440
26.5255 1440
26.5267 1440
26.5279 1440
26.5291 1440
26.5302 1440
26.5314 1440
26.5326 1440
26.5338 1440
26.535 1440
26.5362 1440
26.5374 1440
26.5386 1440
26.5398 1440
26.541 1440
26.5422 1440
26.5434 1440
26.5446 1440
26.5458 1440
26.547 1440
26.5482 1440
26.5494 1440
26.5506 1440
26.5518 1440
26.553 1440
26.5541 1440
26.5553 1440
26.5565 1440
26.5577 1440
26.5589 1440
26.5601 1440
26.5613 1440
26.5625 1440
26.761 1440
26.7622 1440
26.7634 1440
26.7646 1440
26.7658 1440
26.767 1440
26.7681 1440
26.7693 1440
26.7705 1440
26.7717 1440
26.7729 1440
26.7741 1440
26.7753 1440
26.7765 1440
26.7777 1440
26.7789 1440
26.7801 1440
26.7813 1440
26.7825 1440
26.7837 1440
26.7849 1440
26.7861 1440
26.7873 1440
26.7885 1440
26.7897 1440
26.7909 1440
26.792 1440
26.7932 1440
26.7944 1440
26.7956 1440
26.7968 1440
26.798 1440
26.7992 1440
26.8004 1440
26.8016 1440
26.8028 1440
26.804 1440
26.8052 1440
26.8064 1440
27.0037 1440
27.0049 1440
27.006 1440
27.0072 1440
27.0084 1440
27.0096 1440
27.0108 1440
27.012 1440
27.0132 1440
27.0144 1440
27.0156 1440
27.0168 1440
27.018 1440
27.0192 1440
27.0204 1440
27.0216 1440
27.0228 1440
27.024 1440
27.0252 1440
27.0264 1440
27.0276 1440
27.0288 1440
27.03 1440
27.0311 1440
27.0323 1440
27.0335 1440
27.0347 1440
27.0359 1440
27.0371 1440
27.0383 1440
27.0395 1440
27.0407 1440
27.0419 1440
27.0431 1440
27.0443 1440
27.0455 1440
27.0467 1440
27.0479 1440
27.2451 1440
27.2463 1440
27.2475 1440
27.2487 1440
27.2499 1440
27.2511 1440
27.2523 1440
27.2535 1440
27.2547 1440
27.2559 1440
27.2571 1440
27.2583 1440
27.2595 1440
27.2607 1440
27.2619 1440
27.2631 1440
27.2643 1440
27.2655 1440
27.2667 1440
27.2679 1440
27.269 1440
27.2702 1440
27.2714 1440
27.2726 1440
27.2738 1440
27.275 1440
27.2762 1440
27.2774 1440
27.2786 1440
27.2798 1440
27.281 1440
27.2822 1440
27.2834 1440
27.2846 1440
27.2858 1440
27.287 1440
27.2882 1440
27.2894 1440
27.2906 1440
27.4866 1440
27.4878 1440
27.489 1440
27.4902 1440
27.4914 1440
27.4926 1440
27.4938 1440
27.495 1440
27.4962 1440
27.4974 1440
27.4986 1440
27.4998 1440
27.501 1440
27.5022 1440
27.5034 1440
27.5046 1440
27.5058 1440
27.5069 1440
27.5081 1440
27.5093 1440
27.5105 1440
27.5117 1440
27.5129 1440
27.5141 1440
27.5153 1440
27.5165 1440
27.5177 1440
27.5189 1440
27.5201 1440
27.5213 1440
27.5225 1440
27.5237 1440
27.5249 1440
27.5261 1440
27.5273 1440
27.5285 1440
27.5297 1440
27.5309 1440
27.532 1440
27.5332 1440
27.7293 1440
27.7305 1440
27.7317 1440
27.7329 1440
27.7341 1440
27.7353 1440
27.7365 1440
27.7377 1440
27.7389 1440
27.7401 1440
27.7413 1440
27.7425 1440
27.746 1440
27.7472 1440
27.7484 1440
27.7496 1440
27.7508 1440
27.752 1440
27.7532 1440
27.7544 1440
27.7556 1440
27.7568 1440
27.758 1440
27.7592 1440
27.7604 1440
27.7616 1440
27.7628 1440
27.764 1440
27.7652 1440
27.7664 1440
27.7676 1440
27.7688 1440
27.7699 1440
27.7711 1440
27.7723 1440
27.7735 1440
27.7747 1440
27.7759 1440
27.7771 1440
27.7783 1440
27.7795 1440
27.972 1440
27.9732 1440
27.9744 1440
27.9768 1440
27.978 1440
27.9792 1440
27.9804 1440
27.9816 1440
27.9827 1440
27.9839 1440
27.9851 1440
27.9887 1440
27.9899 1440
27.9911 1440
27.9923 1440
27.9935 1440
27.9947 1440
27.9959 1440
27.9971 1440
27.9983 1440
27.9995 1440
28.0007 1440
28.0019 1440
28.0031 1440
28.0043 1440
28.0055 1440
28.0067 1440
28.0078 1440
28.009 1440
28.0102 1440
28.0114 1440
28.0126 1440
28.0138 1440
28.015 1440
28.0162 1440
28.0174 1440
28.0186 1440
28.0198 1440
28.021 1440
28.2135 1440
28.2147 1440
28.2159 1440
28.2171 1440
28.2183 1440
28.2195 1440
28.2207 1440
28.2493 1440
28.2505 1440
28.2517 1440
28.2529 1440
28.2541 1440
28.2553 1440
28.2565 1440
28.2577 1440
28.2589 1440
28.2601 1440
28.2613 1440
28.2625 1440
28.455 1440
28.4562 1440
28.4574 1440
28.4586 1440
28.4598 1440
28.461 1440
28.4621 1440
28.492 1440
28.4932 1440
28.4944 1440
28.4956 1440
28.4968 1440
28.498 1440
28.4992 1440
28.5004 1440
28.5016 1440
28.5028 1440
28.504 1440
28.5052 1440
28.6977 1440
28.6988 1440
28.7 1440
28.7012 1440
28.7024 1440
28.7036 1440
28.7335 1440
28.7347 1440
28.7359 1440
28.7371 1440
28.7383 1440
28.7395 1440
28.7407 1440
28.7419 1440
28.7431 1440
28.7443 1440
28.7455 1440
28.7467 1440
28.7478 1440
28.9391 1440
28.9403 1440
28.9415 1440
28.9427 1440
28.9439 1440
28.9451 1440
28.975 1440
28.9762 1440
28.9774 1440
28.9786 1440
28.9798 1440
28.981 1440
28.9822 1440
28.9834 1440
28.9846 1440
28.9858 1440
28.9869 1440
28.9881 1440
28.9893 1440
28.9905 1440
29.1818 1440
29.183 1440
29.1842 1440
29.1854 1440
29.1866 1440
29.1878 1440
29.2177 1440
29.2189 1440
29.2201 1440
29.2213 1440
29.2225 1440
29.2237 1440
29.2248 1440
29.226 1440
29.2272 1440
29.2284 1440
29.2296 1440
29.2308 1440
29.232 1440
29.2332 1440
29.2344 1440
29.4245 1440
29.4257 1440
29.4269 1440
29.4281 1440
29.4293 1440
29.4305 1440
29.4604 1440
29.4616 1440
29.4627 1440
29.4639 1440
29.4651 1440
29.4663 1440
29.4675 1440
29.4687 1440
29.4699 1440
29.4711 1440
29.4723 1440
29.4735 1440
29.4747 1440
29.4759 1440
29.666 1440
29.6672 1440
29.6684 1440
29.6696 1440
29.6708 1440
29.672 1440
29.7018 1440
29.703 1440
29.7042 1440
29.7054 1440
29.7066 1440
29.7078 1440
29.709 1440
29.7102 1440
29.7114 1440
29.7126 1440
29.7138 1440
29.715 1440
29.7162 1440
29.7174 1440
29.7186 1440
29.9075 1440
29.9087 1440
29.9099 1440
29.9111 1440
29.9123 1440
29.9135 1440
29.9433 1440
29.9445 1440
29.9457 1440
29.9469 1440
29.9481 1440
29.9493 1440
29.9505 1440
29.9517 1440
29.9529 1440
29.9541 1440
29.9553 1440
29.9565 1440
29.9577 1440
29.9589 1440
29.9601 1440
29.9613 1440
30.1502 1440
30.1513 1440
30.1525 1440
30.1537 1440
30.1549 1440
30.1561 1440
30.186 1440
30.1872 1440
30.1884 1440
30.1896 1440
30.1908 1440
30.192 1440
30.1932 1440
30.1944 1440
30.1956 1440
30.1968 1440
30.198 1440
30.1992 1440
30.2004 1440
30.2015 1440
30.2027 1440
30.2039 1440
30.2051 1440
30.3928 1440
30.394 1440
30.3952 1440
30.3964 1440
30.3976 1440
30.3988 1440
30.4287 1440
30.4299 1440
30.4311 1440
30.4323 1440
30.4335 1440
30.4347 1440
30.4359 1440
30.4371 1440
30.4383 1440
30.4394 1440
30.4406 1440
30.4418 1440
30.443 1440
30.4442 1440
30.4454 1440
30.4466 1440
30.6343 1440
30.6355 1440
30.6367 1440
30.6379 1440
30.6391 1440
30.6403 1440
30.6702 1440
30.6714 1440
30.6726 1440
30.6738 1440
30.675 1440
30.6762 1440
30.6773 1440
30.6785 1440
30.6797 1440
30.6809 1440
30.6821 1440
30.6833 1440
30.6845 1440
30.6857 1440
30.6869 1440
30.6881 1440
30.6893 1440
30.8758 1440
30.877 1440
30.8782 1440
30.8794 1440
30.8806 1440
30.8818 1440
30.9117 1440
30.9129 1440
30.9141 1440
30.9152 1440
30.9164 1440
30.9176 1440
30.9188 1440
30.92 1440
30.9212 1440
30.9224 1440
30.9236 1440
30.9248 1440
30.926 1440
30.9272 1440
30.9284 1440
30.9296 1440
30.9308 1440
30.932 1440
31.1185 1440
31.1197 1440
31.1209 1440
31.1221 1440
31.1233 1440
31.1245 1440
31.1543 1440
31.1555 1440
31.1567 1440
31.1579 1440
31.1591 1440
31.1603 1440
31.1615 1440
31.1627 1440
31.1639 1440
31.1651 1440
31.1663 1440
31.1675 1440
31.1687 1440
31.1699 1440
31.1711 1440
31.1723 1440
31.1735 1440
31.1747 1440
31.3612 1440
31.3624 1440
31.3636 1440
31.3648 1440
31.366 1440
31.3671 1440
31.3683 1440
31.397 1440
31.3982 1440
31.3994 1440
31.4006 1440
31.4018 1440
31.403 1440
31.4042 1440
31.4054 1440
31.4066 1440
31.4078 1440
31.409 1440
31.4102 1440
31.4114 1440
31.4126 1440
31.4138 1440
31.415 1440
31.4161 1440
31.4173 1440
31.6039 1440
31.605 1440
31.6062 1440
31.6074 1440
31.6086 1440
31.6098 1440
31.6385 1440
31.6397 1440
31.6409 1440
31.6421 1440
31.6433 1440
31.6445 1440
31.6457 1440
31.6469 1440
31.6481 1440
31.6493 1440
31.6505 1440
31.6517 1440
31.6529 1440
31.654 1440
31.6552 1440
31.6564 1440
31.6588 1440
31.66 1440
31.8453 1440
31.8465 1440
31.8477 1440
31.8489 1440
31.8501 1440
31.8513 1440
31.8525 1440
31.88 1440
31.8812 1440
31.8824 1440
31.8836 1440
31.8848 1440
31.886 1440
31.8872 1440
31.8884 1440
31.8896 1440
31.8908 1440
31.8919 1440
31.8931 1440
31.8943 1440
31.8955 1440
31.8967 1440
31.8979 1440
31.9003 1440
31.9015 1440
32.0868 1440
32.088 1440
32.0892 1440
32.0904 1440
32.0916 1440
32.0928 1440
32.094 1440
32.0952 1440
32.1227 1440
32.1239 1440
32.1251 1440
32.1263 1440
32.1275 1440
32.1287 1440
32.1299 1440
32.131 1440
32.1322 1440
32.1334 1440
32.1346 1440
32.1358 1440
32.137 1440
32.1382 1440
32.1394 1440
32.1406 1440
32.143 1440
32.1442 1440
32.3295 1440
32.3307 1440
32.3319 1440
32.3331 1440
32.3343 1440
32.3355 1440
32.3367 1440
32.3379 1440
32.3391 1440
32.3654 1440
32.3666 1440
32.3678 1440
32.3689 1440
32.3701 1440
32.3713 1440
32.3725 1440
32.3737 1440
32.3749 1440
32.3761 1440
32.3773 1440
32.3785 1440
32.3797 1440
32.3809 1440
32.3821 1440
32.3833 1440
32.3857 1440
32.3869 1440
32.5722 1440
32.5734 1440
32.5746 1440
32.5758 1440
32.577 1440
32.5782 1440
32.5794 1440
32.5806 1440
32.6068 1440
32.608 1440
32.6092 1440
32.6104 1440
32.6116 1440
32.6128 1440
32.614 1440
32.6152 1440
32.6164 1440
32.6176 1440
32.6188 1440
32.62 1440
32.6212 1440
32.6224 1440
32.6236 1440
32.6248 1440
32.6272 1440
32.6284 1440
32.8137 1440
32.8149 1440
32.8161 1440
32.8173 1440
32.8185 1440
32.8196 1440
32.8208 1440
32.822 1440
32.8483 1440
32.8495 1440
32.8507 1440
32.8519 1440
32.8531 1440
32.8543 1440
32.8555 1440
32.8567 1440
32.8579 1440
32.8591 1440
32.8603 1440
32.8615 1440
32.8627 1440
32.8639 1440
32.8651 1440
32.8663 1440
32.8675 1440
32.8687 1440
32.8698 1440
33.0552 1440
33.0564 1440
33.0575 1440
33.0587 1440
33.0599 1440
33.0611 1440
33.0623 1440
33.0635 1440
33.0898 1440
33.091 1440
33.0922 1440
33.0934 1440
33.0946 1440
33.0958 1440
33.097 1440
33.0982 1440
33.0994 1440
33.1006 1440
33.1018 1440
33.103 1440
33.1042 1440
33.1054 1440
33.1066 1440
33.1077 1440
33.1089 1440
33.1101 1440
33.1113 1440
33.1125 1440
33.2978 1440
33.299 1440
33.3002 1440
33.3014 1440
33.3026 1440
33.3038 1440
33.305 1440
33.3062 1440
33.3325 1440
33.3337 1440
33.3349 1440
33.3361 1440
33.3373 1440
33.3385 1440
33.3397 1440
33.3409 1440
33.3421 1440
33.3433 1440
33.3445 1440
33.3456 1440
33.3468 1440
33.348 1440
33.3492 1440
33.3504 1440
33.3516 1440
33.3528 1440
33.354 1440
33.3552 1440
33.3564 1440
33.5405 1440
33.5417 1440
33.5429 1440
33.5441 1440
33.5453 1440
33.5465 1440
33.5477 1440
33.5489 1440
33.5752 1440
33.5764 1440
33.5776 1440
33.5788 1440
33.58 1440
33.5812 1440
33.5824 1440
33.5835 1440
33.5847 1440
33.5859 1440
33.5871 1440
33.5883 1440
33.5895 1440
33.5907 1440
33.5919 1440
33.5931 1440
33.5943 1440
33.5955 1440
33.5967 1440
33.5979 1440
33.782 1440
33.7832 1440
33.7844 1440
33.7856 1440
33.7868 1440
33.788 1440
33.7892 1440
33.7904 1440
33.8167 1440
33.8179 1440
33.8191 1440
33.8203 1440
33.8214 1440
33.8226 1440
33.8238 1440
33.825 1440
33.8262 1440
33.8274 1440
33.8286 1440
33.8298 1440
33.831 1440
33.8322 1440
33.8334 1440
33.8346 1440
33.8358 1440
33.837 1440
33.8382 1440
33.8394 1440
33.8406 1440
34.0235 1440
34.0247 1440
34.0259 1440
34.0271 1440
34.0283 1440
34.0295 1440
34.0307 1440
34.0319 1440
34.0582 1440
34.0593 1440
34.0605 1440
34.0617 1440
34.0629 1440
34.0641 1440
34.0653 1440
34.0665 1440
34.0677 1440
34.0689 1440
34.0701 1440
34.0713 1440
34.0725 1440
34.0737 1440
34.0749 1440
34.0761 1440
34.0773 1440
34.0785 1440
34.0797 1440
34.0809 1440
34.0821 1440
34.0833 1440
34.2662 1440
34.2674 1440
34.2686 1440
34.2698 1440
34.271 1440
34.2721 1440
34.2733 1440
34.2745 1440
34.3008 1440
34.302 1440
34.3032 1440
34.3044 1440
34.3056 1440
34.3068 1440
34.308 1440
34.3092 1440
34.3104 1440
34.3116 1440
34.3128 1440
34.314 1440
34.3152 1440
34.3164 1440
34.3176 1440
34.3188 1440
34.32 1440
34.3212 1440
34.3223 1440
34.3235 1440
34.3247 1440
34.3259 1440
34.3271 1440
34.5089 1440
34.5101 1440
34.5112 1440
34.5124 1440
34.5136 1440
34.5148 1440
34.516 1440
34.5172 1440
34.5435 1440
34.5447 1440
34.5459 1440
34.5471 1440
34.5483 1440
34.5495 1440
34.5507 1440
34.5519 1440
34.5531 1440
34.5543 1440
34.5555 1440
34.5567 1440
34.5579 1440
34.5591 1440
34.5602 1440
34.5614 1440
34.5626 1440
34.5638 1440
34.565 1440
34.5662 1440
34.5674 1440
34.5686 1440
34.7503 1440
34.7515 1440
34.7527 1440
34.7539 1440
34.7551 1440
34.7563 1440
34.7575 1440
34.7587 1440
34.785 1440
34.7862 1440
34.7874 1440
34.7886 1440
34.7898 1440
34.791 1440
34.7922 1440
34.7934 1440
34.7946 1440
34.7958 1440
34.797 1440
34.7981 1440
34.7993 1440
34.8005 1440
34.8017 1440
34.8029 1440
34.8041 1440
34.8053 1440
34.8065 1440
34.8077 1440
34.8089 1440
34.8101 1440
34.8113 1440
34.9918 1440
34.993 1440
34.9942 1440
34.9954 1440
34.9966 1440
34.9978 1440
34.999 1440
35.0002 1440
35.0265 1440
35.0277 1440
35.0289 1440
35.0301 1440
35.0313 1440
35.0325 1440
35.0337 1440
35.0349 1440
35.036 1440
35.0372 1440
35.0384 1440
35.0396 1440
35.0408 1440
35.042 1440
35.0432 1440
35.0444 1440
35.0456 1440
35.0468 1440
35.048 1440
35.0492 1440
35.0504 1440
35.0516 1440
35.0528 1440
35.054 1440
35.2345 1440
35.2357 1440
35.2369 1440
35.2381 1440
35.2393 1440
35.2405 1440
35.2417 1440
35.2429 1440
35.2692 1440
35.2704 1440
35.2716 1440
35.2728 1440
35.274 1440
35.2751 1440
35.2763 1440
35.2775 1440
35.2787 1440
35.2799 1440
35.2811 1440
35.2823 1440
35.2835 1440
35.2847 1440
35.2859 1440
35.2871 1440
35.2883 1440
35.2895 1440
35.2907 1440
35.2919 1440
35.2931 1440
35.2943 1440
35.2955 1440
35.2967 1440
35.2979 1440
35.4772 1440
35.4784 1440
35.4796 1440
35.4808 1440
35.482 1440
35.4832 1440
35.4844 1440
35.4856 1440
35.5119 1440
35.513 1440
35.5142 1440
35.5154 1440
35.5166 1440
35.5178 1440
35.519 1440
35.5202 1440
35.5214 1440
35.5226 1440
35.5238 1440
35.525 1440
35.5262 1440
35.5274 1440
35.5286 1440
35.5298 1440
35.531 1440
35.5322 1440
35.5334 1440
35.5346 1440
35.5358 1440
35.5369 1440
35.5381 1440
35.5393 1440
35.7187 1440
35.7199 1440
35.7211 1440
35.7223 1440
35.7235 1440
35.7247 1440
35.7258 1440
35.727 1440
35.7533 1440
35.7545 1440
35.7557 1440
35.7569 1440
35.7581 1440
35.7593 1440
35.7605 1440
35.7617 1440
35.7629 1440
35.7641 1440
35.7653 1440
35.7665 1440
35.7677 1440
35.7689 1440
35.7701 1440
35.7713 1440
35.7725 1440
35.7737 1440
35.7749 1440
35.776 1440
35.7772 1440
35.7784 1440
35.7796 1440
35.7808 1440
35.9602 1440
35.9614 1440
35.9626 1440
35.9637 1440
35.9649 1440
35.9661 1440
35.9673 1440
35.9685 1440
35.9697 1440
35.9948 1440
35.996 1440
35.9972 1440
35.9984 1440
35.9996 1440
36.0008 1440
36.002 1440
36.0032 1440
36.0044 1440
36.0056 1440
36.0068 1440
36.008 1440
36.0092 1440
36.0104 1440
36.0116 1440
36.0128 1440
36.0139 1440
36.0151 1440
36.0163 1440
36.0175 1440
36.0187 1440
36.0199 1440
36.0211 1440
36.0223 1440
36.2016 1440
36.2028 1440
36.204 1440
36.2052 1440
36.2064 1440
36.2076 1440
36.2088 1440
36.21 1440
36.2112 1440
36.2124 1440
36.2375 1440
36.2387 1440
36.2399 1440
36.2411 1440
36.2423 1440
36.2435 1440
36.2447 1440
36.2459 1440
36.2471 1440
36.2483 1440
36.2495 1440
36.2507 1440
36.2518 1440
36.253 1440
36.2542 1440
36.2554 1440
36.2566 1440
36.2578 1440
36.259 1440
36.2602 1440
36.2614 1440
36.2626 1440
36.2638 1440
36.265 1440
36.4443 1440
36.4455 1440
36.4467 1440
36.4479 1440
36.4491 1440
36.4503 1440
36.4515 1440
36.4527 1440
36.4539 1440
36.4551 1440
36.4563 1440
36.4802 1440
36.4814 1440
36.4826 1440
36.4838 1440
36.485 1440
36.4862 1440
36.4874 1440
36.4886 1440
36.4897 1440
36.4909 1440
36.4921 1440
36.4933 1440
36.4945 1440
36.4957 1440
36.4969 1440
36.4981 1440
36.4993 1440
36.5005 1440
36.5017 1440
36.5029 1440
36.5041 1440
36.5053 1440
36.5065 1440
36.5077 1440
36.687 1440
36.6882 1440
36.6894 1440
36.6906 1440
36.6918 1440
36.693 1440
36.6942 1440
36.6954 1440
36.6966 1440
36.6978 1440
36.7217 1440
36.7229 1440
36.7241 1440
36.7253 1440
36.7265 1440
36.7276 1440
36.7288 1440
36.73 1440
36.7312 1440
36.7324 1440
36.7336 1440
36.7348 1440
36.736 1440
36.7372 1440
36.7384 1440
36.7396 1440
36.7408 1440
36.742 1440
36.7432 1440
36.7444 1440
36.7456 1440
36.7468 1440
36.748 1440
36.7492 1440
36.9285 1440
36.9297 1440
36.9309 1440
36.9321 1440
36.9333 1440
36.9345 1440
36.9357 1440
36.9369 1440
36.9381 1440
36.9393 1440
36.9404 1440
36.9632 1440
36.9644 1440
36.9655 1440
36.9667 1440
36.9679 1440
36.9691 1440
36.9703 1440
36.9715 1440
36.9727 1440
36.9739 1440
36.9751 1440
36.9763 1440
36.9775 1440
36.9787 1440
36.9799 1440
36.9811 1440
36.9823 1440
36.9835 1440
36.9847 1440
36.9859 1440
36.9871 1440
36.9883 1440
36.9895 1440
36.9906 1440
37.17 1440
37.1712 1440
37.1724 1440
37.1736 1440
37.1748 1440
37.176 1440
37.1772 1440
37.1783 1440
37.1795 1440
37.1807 1440
37.1819 1440
37.1831 1440
37.2058 1440
37.207 1440
37.2082 1440
37.2094 1440
37.2106 1440
37.2118 1440
37.213 1440
37.2142 1440
37.2154 1440
37.2166 1440
37.2178 1440
37.219 1440
37.2202 1440
37.2214 1440
37.2226 1440
37.2238 1440
37.225 1440
37.2262 1440
37.2274 1440
37.2285 1440
37.2297 1440
37.2309 1440
37.2321 1440
37.2333 1440
37.4127 1440
37.4139 1440
37.4151 1440
37.4162 1440
37.4174 1440
37.4186 1440
37.4198 1440
37.421 1440
37.4222 1440
37.4234 1440
37.4246 1440
37.4258 1440
37.4485 1440
37.4497 1440
37.4509 1440
37.4521 1440
37.4533 1440
37.4545 1440
37.4557 1440
37.4569 1440
37.4581 1440
37.4593 1440
37.4605 1440
37.4617 1440
37.4629 1440
37.4641 1440
37.4653 1440
37.4664 1440
37.4676 1440
37.4688 1440
37.47 1440
37.4712 1440
37.4724 1440
37.4736 1440
37.4748 1440
37.476 1440
37.4772 1440
37.6553 1440
37.6565 1440
37.6577 1440
37.6589 1440
37.6601 1440
37.6613 1440
37.6625 1440
37.6637 1440
37.6649 1440
37.6661 1440
37.6673 1440
37.6685 1440
37.6912 1440
37.6924 1440
37.6936 1440
37.6948 1440
37.696 1440
37.6972 1440
37.6984 1440
37.6996 1440
37.7008 1440
37.702 1440
37.7032 1440
37.7043 1440
37.7055 1440
37.7067 1440
37.7079 1440
37.7091 1440
37.7103 1440
37.7115 1440
37.7127 1440
37.7139 1440
37.7151 1440
37.7163 1440
37.7175 1440
37.7187 1440
37.8968 1440
37.898 1440
37.8992 1440
37.9004 1440
37.9016 1440
37.9028 1440
37.904 1440
37.9052 1440
37.9064 1440
37.9076 1440
37.9088 1440
37.91 1440
37.9327 1440
37.9339 1440
37.9351 1440
37.9363 1440
37.9375 1440
37.9387 1440
37.9399 1440
37.9411 1440
37.9422 1440
37.9434 1440
37.9446 1440
37.9458 1440
37.947 1440
37.9482 1440
37.9494 1440
37.9506 1440
37.9518 1440
37.953 1440
37.9542 1440
37.9554 1440
37.9566 1440
37.9578 1440
37.959 1440
37.9602 1440
37.9614 1440
38.1383 1440
38.1395 1440
38.1407 1440
38.1419 1440
38.1431 1440
38.1443 1440
38.1455 1440
38.1467 1440
38.1479 1440
38.1491 1440
38.1503 1440
38.1515 1440
38.1742 1440
38.1754 1440
38.1766 1440
38.1778 1440
38.179 1440
38.1801 1440
38.1813 1440
38.1825 1440
38.1837 1440
38.1849 1440
38.1861 1440
38.1873 1440
38.1885 1440
38.1897 1440
38.1909 1440
38.1921 1440
38.1933 1440
38.1945 1440
38.1957 1440
38.1969 1440
38.1981 1440
38.1993 1440
38.2005 1440
38.2017 1440
38.2029 1440
38.2041 1440
38.381 1440
38.3822 1440
38.3834 1440
38.3846 1440
38.3858 1440
38.387 1440
38.3882 1440
38.3894 1440
38.3906 1440
38.3918 1440
38.393 1440
38.3941 1440
38.4169 1440
38.418 1440
38.4192 1440
38.4204 1440
38.4216 1440
38.4228 1440
38.424 1440
38.4252 1440
38.4264 1440
38.4276 1440
38.4288 1440
38.43 1440
38.4312 1440
38.4324 1440
38.4336 1440
38.4348 1440
38.436 1440
38.4372 1440
38.4384 1440
38.4396 1440
38.4408 1440
38.442 1440
38.4431 1440
38.4443 1440
38.4455 1440
38.4467 1440
38.4479 1440
38.6237 1440
38.6249 1440
38.6261 1440
38.6273 1440
38.6285 1440
38.6297 1440
38.6309 1440
38.632 1440
38.6332 1440
38.6344 1440
38.6356 1440
38.6368 1440
38.6595 1440
38.6607 1440
38.6619 1440
38.6631 1440
38.6643 1440
38.6655 1440
38.6667 1440
38.6679 1440
38.6691 1440
38.6703 1440
38.6715 1440
38.6727 1440
38.6739 1440
38.6751 1440
38.6763 1440
38.6775 1440
38.6787 1440
38.6799 1440
38.681 1440
38.6822 1440
38.6834 1440
38.6846 1440
38.6858 1440
38.687 1440
38.6882 1440
38.6894 1440
38.8652 1440
38.8664 1440
38.8676 1440
38.8688 1440
38.8699 1440
38.8711 1440
38.8723 1440
38.8735 1440
38.8747 1440
38.8759 1440
38.8771 1440
38.8783 1440
38.901 1440
38.9022 1440
38.9034 1440
38.9046 1440
38.9058 1440
38.907 1440
38.9082 1440
38.9094 1440
38.9106 1440
38.9118 1440
38.913 1440
38.9142 1440
38.9154 1440
38.9166 1440
38.9178 1440
38.9189 1440
38.9201 1440
38.9213 1440
38.9225 1440
38.9237 1440
38.9249 1440
38.9261 1440
38.9273 1440
38.9285 1440
38.9297 1440
38.9309 1440
38.9321 1440
39.1067 1440
39.1078 1440
39.109 1440
39.1102 1440
39.1114 1440
39.1126 1440
39.1138 1440
39.115 1440
39.1162 1440
39.1174 1440
39.1186 1440
39.1198 1440
39.1425 1440
39.1437 1440
39.1449 1440
39.1461 1440
39.1473 1440
39.1485 1440
39.1497 1440
39.1509 1440
39.1521 1440
39.1533 1440
39.1545 1440
39.1557 1440
39.1569 1440
39.158 1440
39.1592 1440
39.1604 1440
39.1616 1440
39.1628 1440
39.164 1440
39.1652 1440
39.1664 1440
39.1676 1440
39.1688 1440
39.17 1440
39.1712 1440
39.1724 1440
39.1736 1440
39.1748 1440
39.3493 1440
39.3505 1440
39.3517 1440
39.3529 1440
39.3541 1440
39.3553 1440
39.3565 1440
39.3577 1440
39.3589 1440
39.3601 1440
39.3613 1440
39.3625 1440
39.3852 1440
39.3864 1440
39.3876 1440
39.3888 1440
39.39 1440
39.3912 1440
39.3924 1440
39.3936 1440
39.3948 1440
39.3959 1440
39.3971 1440
39.3983 1440
39.3995 1440
39.4007 1440
39.4019 1440
39.4031 1440
39.4043 1440
39.4055 1440
39.4067 1440
39.4079 1440
39.4091 1440
39.4103 1440
39.4115 1440
39.4127 1440
39.4139 1440
39.4151 1440
39.4163 1440
39.4175 1440
39.4187 1440
39.592 1440
39.5932 1440
39.5944 1440
39.5956 1440
39.5968 1440
39.598 1440
39.5992 1440
39.6004 1440
39.6016 1440
39.6028 1440
39.604 1440
39.6052 1440
39.6279 1440
39.6291 1440
39.6303 1440
39.6315 1440
39.6327 1440
39.6338 1440
39.635 1440
39.6362 1440
39.6374 1440
39.6386 1440
39.6398 1440
39.641 1440
39.6422 1440
39.6434 1440
39.6446 1440
39.6458 1440
39.647 1440
39.6482 1440
39.6494 1440
39.6506 1440
39.6518 1440
39.653 1440
39.6542 1440
39.6554 1440
39.6566 1440
39.6578 1440
39.6601 1440
39.6613 1440
39.8335 1440
39.8347 1440
39.8359 1440
39.8371 1440
39.8383 1440
39.8395 1440
39.8407 1440
39.8419 1440
39.8431 1440
39.8443 1440
39.8455 1440
39.8466 1440
39.8694 1440
39.8706 1440
39.8717 1440
39.8729 1440
39.8741 1440
39.8753 1440
39.8765 1440
39.8777 1440
39.8789 1440
39.8801 1440
39.8813 1440
39.8825 1440
39.8837 1440
39.8849 1440
39.8861 1440
39.8873 1440
39.8885 1440
39.8897 1440
39.8909 1440
39.8921 1440
39.8933 1440
39.8945 1440
39.8957 1440
39.8968 1440
39.898 1440
39.8992 1440
39.9004 1440
39.904 1440
39.9052 1440
40.075 1440
40.0762 1440
40.0774 1440
40.0786 1440
40.0798 1440
40.081 1440
40.0822 1440
40.0834 1440
40.0845 1440
40.0857 1440
40.0869 1440
40.0881 1440
40.1108 1440
40.112 1440
40.1132 1440
40.1144 1440
40.1156 1440
40.1168 1440
40.118 1440
40.1192 1440
40.1204 1440
40.1216 1440
40.1228 1440
40.124 1440
40.1252 1440
40.1264 1440
40.1276 1440
40.1288 1440
40.13 1440
40.1312 1440
40.1324 1440
40.1336 1440
40.1347 1440
40.1359 1440
40.1371 1440
40.1383 1440
40.1395 1440
40.1407 1440
40.1419 1440
40.1431 1440
40.1467 1440
40.1479 1440
40.3177 1440
40.3189 1440
40.3201 1440
40.3213 1440
40.3224 1440
40.3236 1440
40.3248 1440
40.326 1440
40.3272 1440
40.3284 1440
40.3296 1440
40.3308 1440
40.3535 1440
40.3547 1440
40.3559 1440
40.3571 1440
40.3583 1440
40.3595 1440
40.3607 1440
40.3619 1440
40.3631 1440
40.3643 1440
40.3655 1440
40.3667 1440
40.3679 1440
40.3691 1440
40.3703 1440
40.3715 1440
40.3726 1440
40.3738 1440
40.375 1440
40.3762 1440
40.3774 1440
40.3786 1440
40.3798 1440
40.381 1440
40.3822 1440
40.3834 1440
40.3846 1440
40.3858 1440
40.387 1440
40.3906 1440
40.3918 1440
40.5603 1440
40.5615 1440
40.5627 1440
40.5639 1440
40.5651 1440
40.5663 1440
40.5675 1440
40.5687 1440
40.5699 1440
40.5723 1440
40.5735 1440
40.5962 1440
40.5974 1440
40.5986 1440
40.5998 1440
40.601 1440
40.6022 1440
40.6034 1440
40.6046 1440
40.6058 1440
40.607 1440
40.6082 1440
40.6094 1440
40.6105 1440
40.6117 1440
40.6129 1440
40.6141 1440
40.6153 1440
40.6165 1440
40.6177 1440
40.6189 1440
40.6201 1440
40.6213 1440
40.6225 1440
40.6237 1440
40.6249 1440
40.6261 1440
40.6273 1440
40.6285 1440
40.6321 1440
40.6333 1440
40.8018 1440
40.803 1440
40.8042 1440
40.8054 1440
40.8066 1440
40.8078 1440
40.809 1440
40.8102 1440
40.8114 1440
40.8126 1440
40.8138 1440
40.815 1440
40.8377 1440
40.8652 1440
40.8664 1440
40.8676 1440
40.8688 1440
40.87 1440
40.8747 1440
40.8759 1440
41.0433 1440
41.0445 1440
41.0457 1440
41.0469 1440
41.0481 1440
41.0493 1440
41.0505 1440
41.0517 1440
41.0529 1440
41.0541 1440
41.0553 1440
41.0565 1440
41.0792 1440
41.1079 1440
41.1091 1440
41.1103 1440
41.1115 1440
41.1162 1440
41.1174 1440
41.2848 1440
41.286 1440
41.2872 1440
41.2884 1440
41.2896 1440
41.2908 1440
41.292 1440
41.2932 1440
41.2944 1440
41.2956 1440
41.2968 1440
41.298 1440
41.3207 1440
41.3219 1440
41.3506 1440
41.3517 1440
41.3529 1440
41.3541 1440
41.3553 1440
41.3589 1440
41.3601 1440
41.5275 1440
41.5287 1440
41.5299 1440
41.5311 1440
41.5323 1440
41.5335 1440
41.5347 1440
41.5359 1440
41.5371 1440
41.5383 1440
41.5395 1440
41.5407 1440
41.5634 1440
41.5645 1440
41.5932 1440
41.5944 1440
41.5956 1440
41.5968 1440
41.6004 1440
41.6016 1440
41.769 1440
41.7702 1440
41.7714 1440
41.7726 1440
41.7738 1440
41.775 1440
41.7762 1440
41.7773 1440
41.7785 1440
41.7797 1440
41.7809 1440
41.7821 1440
41.8048 1440
41.806 1440
41.8347 1440
41.8359 1440
41.8371 1440
41.8383 1440
41.8431 1440
41.8443 1440
41.8455 1440
42.0105 1440
42.0117 1440
42.0129 1440
42.0141 1440
42.0152 1440
42.0164 1440
42.0176 1440
42.0188 1440
42.02 1440
42.0212 1440
42.0224 1440
42.0236 1440
42.0463 1440
42.0475 1440
42.0762 1440
42.0774 1440
42.0786 1440
42.0798 1440
42.0846 1440
42.0858 1440
42.087 1440
42.0882 1440
42.2531 1440
42.2543 1440
42.2555 1440
42.2567 1440
42.2579 1440
42.2591 1440
42.2603 1440
42.2615 1440
42.2627 1440
42.2639 1440
42.2651 1440
42.2663 1440
42.289 1440
42.2902 1440
42.3189 1440
42.3201 1440
42.3213 1440
42.3225 1440
42.3273 1440
42.3284 1440
42.3296 1440
42.3308 1440
42.332 1440
42.4958 1440
42.497 1440
42.4982 1440
42.4994 1440
42.5006 1440
42.5018 1440
42.503 1440
42.5042 1440
42.5054 1440
42.5066 1440
42.5078 1440
42.509 1440
42.5317 1440
42.5329 1440
42.5616 1440
42.5628 1440
42.564 1440
42.5652 1440
42.5699 1440
42.5711 1440
42.5723 1440
42.5735 1440
42.7373 1440
42.7385 1440
42.7397 1440
42.7409 1440
42.7421 1440
42.7433 1440
42.7445 1440
42.7457 1440
42.7469 1440
42.7481 1440
42.7493 1440
42.7505 1440
42.7732 1440
42.7744 1440
42.8031 1440
42.8042 1440
42.8054 1440
42.8066 1440
42.8138 1440
42.815 1440
42.8162 1440
42.8174 1440
42.9788 1440
42.98 1440
42.9812 1440
42.9824 1440
42.9836 1440
42.9848 1440
42.986 1440
42.9872 1440
42.9884 1440
42.9896 1440
42.9908 1440
42.992 1440
42.9931 1440
43.0147 1440
43.0159 1440
43.0445 1440
43.0457 1440
43.0469 1440
43.0481 1440
43.0565 1440
43.0577 1440
43.0589 1440
43.0601 1440
43.2203 1440
43.2215 1440
43.2227 1440
43.2239 1440
43.2251 1440
43.2263 1440
43.2275 1440
43.2287 1440
43.2299 1440
43.231 1440
43.2322 1440
43.2334 1440
43.2346 1440
43.2358 1440
43.2573 1440
43.2585 1440
43.2872 1440
43.2884 1440
43.2896 1440
43.2908 1440
43.3004 1440
43.3016 1440
43.3028 1440
43.304 1440
43.463 1440
43.4642 1440
43.4654 1440
43.4666 1440
43.4678 1440
43.4689 1440
43.4701 1440
43.4713 1440
43.4725 1440
43.4737 1440
43.4749 1440
43.4761 1440
43.4773 1440
43.4785 1440
43.4797 1440
43.5 1440
43.5012 1440
43.5299 1440
43.5311 1440
43.5323 1440
43.5335 1440
43.543 1440
43.5442 1440
43.5454 1440
43.5466 1440
43.7057 1440
43.7068 1440
43.708 1440
43.7092 1440
43.7104 1440
43.7116 1440
43.7128 1440
43.714 1440
43.7152 1440
43.7164 1440
43.7176 1440
43.7188 1440
43.72 1440
43.7212 1440
43.7415 1440
43.7427 1440
43.7714 1440
43.7726 1440
43.7738 1440
43.775 1440
43.7845 1440
43.7857 1440
43.7869 1440
43.7881 1440
43.9471 1440
43.9483 1440
43.9495 1440
43.9507 1440
43.9519 1440
43.9531 1440
43.9543 1440
43.9555 1440
43.9567 1440
43.9579 1440
43.9591 1440
43.9603 1440
43.9615 1440
43.9627 1440
43.9639 1440
43.983 1440
43.9842 1440
44.0129 1440
44.0141 1440
44.0153 1440
44.0165 1440
44.026 1440
44.0272 1440
44.0284 1440
44.0296 1440
44.1886 1440
44.1898 1440
44.191 1440
44.1922 1440
44.1934 1440
44.1946 1440
44.1958 1440
44.197 1440
44.1982 1440
44.1994 1440
44.2006 1440
44.2018 1440
44.203 1440
44.2042 1440
44.2054 1440
44.2066 1440
44.2257 1440
44.2269 1440
44.2556 1440
44.2568 1440
44.2687 1440
44.2699 1440
44.2711 1440
44.2723 1440
44.2735 1440
44.2747 1440
44.4313 1440
44.4325 1440
44.4337 1440
44.4349 1440
44.4361 1440
44.4373 1440
44.4385 1440
44.4397 1440
44.4409 1440
44.4421 1440
44.4433 1440
44.4445 1440
44.4456 1440
44.4468 1440
44.448 1440
44.4492 1440
44.4504 1440
44.4684 1440
44.4696 1440
44.4982 1440
44.4994 1440
44.5114 1440
44.5126 1440
44.5138 1440
44.515 1440
44.5162 1440
44.5174 1440
44.674 1440
44.6752 1440
44.6764 1440
44.6776 1440
44.6788 1440
44.68 1440
44.6812 1440
44.6824 1440
44.6835 1440
44.6847 1440
44.6859 1440
44.6871 1440
44.6883 1440
44.6895 1440
44.6907 1440
44.6919 1440
44.7098 1440
44.7397 1440
44.7409 1440
44.7529 1440
44.7541 1440
44.7553 1440
44.7565 1440
44.7577 1440
44.7589 1440
44.9155 1440
44.9167 1440
44.9179 1440
44.9191 1440
44.9203 1440
44.9214 1440
44.9226 1440
44.9238 1440
44.925 1440
44.9262 1440
44.9274 1440
44.9286 1440
44.9298 1440
44.931 1440
44.9322 1440
44.9334 1440
44.9513 1440
44.9525 1440
44.9812 1440
44.9824 1440
44.9944 1440
45.1677 1440
45.1689 1440
45.1701 1440
45.1713 1440
45.1725 1440
45.1737 1440
45.1749 1440
45.1928 1440
45.194 1440
45.2227 1440
45.2239 1440
45.237 1440
45.4104 1440
45.4116 1440
45.4128 1440
45.414 1440
45.4152 1440
45.4164 1440
45.4343 1440
45.4355 1440
45.4642 1440
45.4654 1440
45.4785 1440
45.4797 1440
45.6531 1440
45.6543 1440
45.6555 1440
45.6567 1440
45.6579 1440
45.6591 1440
45.6603 1440
45.677 1440
45.6782 1440
45.7069 1440
45.7081 1440
45.7212 1440
45.7224 1440
45.8958 1440
45.897 1440
45.8982 1440
45.8994 1440
45.9005 1440
45.9017 1440
45.9185 1440
45.9197 1440
45.9484 1440
45.9496 1440
45.9627 1440
45.9639 1440
46.1373 1440
46.1384 1440
46.1396 1440
46.1408 1440
46.142 1440
46.1432 1440
46.1444 1440
46.16 1440
46.1612 1440
46.1898 1440
46.191 1440
46.2054 1440
46.2066 1440
46.3787 1440
46.3799 1440
46.3811 1440
46.3823 1440
46.3835 1440
46.3847 1440
46.3859 1440
46.3871 1440
46.4026 1440
46.4038 1440
46.4325 1440
46.4337 1440
46.4481 1440
46.4493 1440
46.6214 1440
46.6226 1440
46.6238 1440
46.625 1440
46.6262 1440
46.6274 1440
46.6286 1440
46.6298 1440
46.631 1440
46.6453 1440
46.6465 1440
46.6752 1440
46.6764 1440
46.6907 1440
46.6919 1440
46.8641 1440
46.8653 1440
46.8665 1440
46.8677 1440
46.8689 1440
46.8701 1440
46.8713 1440
46.8725 1440
46.8868 1440
46.888 1440
46.9167 1440
46.9179 1440
46.9322 1440
46.9334 1440
47.1056 1440
47.1068 1440
47.108 1440
47.1092 1440
47.1104 1440
47.1116 1440
47.1128 1440
47.114 1440
47.1283 1440
47.1295 1440
47.1307 1440
47.1582 1440
47.1594 1440
47.1737 1440
47.1749 1440
47.3471 1440
47.3483 1440
47.3495 1440
47.3507 1440
47.3519 1440
47.3531 1440
47.3542 1440
47.3554 1440
47.3698 1440
47.371 1440
47.3722 1440
47.3734 1440
47.4009 1440
47.4021 1440
47.4164 1440
47.4176 1440
47.5898 1440
47.591 1440
47.5921 1440
47.5933 1440
47.5945 1440
47.5957 1440
47.5969 1440
47.5981 1440
47.6125 1440
47.6137 1440
47.6149 1440
47.616 1440
47.6435 1440
47.6447 1440
47.6459 1440
47.6591 1440
47.6603 1440
47.8324 1440
47.8336 1440
47.8348 1440
47.836 1440
47.8372 1440
47.8384 1440
47.8396 1440
47.8408 1440
47.8551 1440
47.8563 1440
47.8575 1440
47.8587 1440
47.8862 1440
47.8874 1440
47.9018 1440
47.903 1440
48.0739 1440
48.0751 1440
48.0763 1440
48.0775 1440
48.0787 1440
48.0811 1440
48.0823 1440
48.0966 1440
48.0978 1440
48.099 1440
48.1002 1440
48.1277 1440
48.1289 1440
48.1456 1440
48.1468 1440
48.3154 1440
48.3166 1440
48.3178 1440
48.319 1440
48.3202 1440
48.3214 1440
48.3226 1440
48.3238 1440
48.325 1440
48.3381 1440
48.5593 1440
48.5605 1440
48.5617 1440
48.5629 1440
48.5641 1440
48.5653 1440
48.5665 1440
48.5796 1440
48.802 1440
48.8032 1440
48.8044 1440
48.8056 1440
48.8068 1440
48.808 1440
48.8211 1440
48.8223 1440
49.0447 1440
49.0459 1440
49.047 1440
49.0482 1440
49.0494 1440
49.0506 1440
49.0638 1440
49.065 1440
49.2873 1440
49.2885 1440
49.2897 1440
49.2909 1440
49.2921 1440
49.2933 1440
49.2945 1440
49.3065 1440
49.3077 1440
49.53 1440
49.5312 1440
49.5324 1440
49.5336 1440
49.5348 1440
49.536 1440
49.5479 1440
49.5491 1440
49.7491 1440
49.7727 1440
49.7739 1440
49.7751 1440
49.7763 1440
49.7775 1440
49.7787 1440
49.7799 1440
49.7906 1440
49.7918 1440
50.0142 1440
50.0154 1440
50.0166 1440
50.0178 1440
50.019 1440
50.0202 1440
50.0214 1440
50.0226 1440
50.0333 1440
50.0345 1440
50.2569 1440
50.2581 1440
50.2593 1440
50.2605 1440
50.2616 1440
50.2628 1440
50.264 1440
50.2652 1440
50.2664 1440
50.276 1440
50.2772 1440
50.4995 1440
50.5007 1440
50.5019 1440
50.5031 1440
50.5043 1440
50.5055 1440
50.5067 1440
50.5079 1440
50.5175 1440
50.5187 1440
50.7187 1440
50.7422 1440
50.7434 1440
50.7446 1440
50.7458 1440
50.747 1440
50.7482 1440
50.7494 1440
50.7506 1440
50.7518 1440
50.7602 1440
50.7614 1440
50.9837 1440
50.9849 1440
50.9861 1440
50.9873 1440
50.9885 1440
50.9897 1440
50.9909 1440
50.9921 1440
50.9933 1440
50.9945 1440
51.0028 1440
51.004 1440
51.2264 1440
51.2276 1440
51.2288 1440
51.23 1440
51.2312 1440
51.2324 1440
51.2336 1440
51.2348 1440
51.236 1440
51.2372 1440
51.2383 1440
51.2455 1440
51.2467 1440
51.4691 1440
51.4703 1440
51.4715 1440
51.4727 1440
51.4739 1440
51.4751 1440
51.4762 1440
51.4774 1440
51.4786 1440
51.4798 1440
51.487 1440
51.4882 1440
51.6882 1440
51.7118 1440
51.713 1440
51.7141 1440
51.7153 1440
51.7165 1440
51.7177 1440
51.7189 1440
51.7201 1440
51.7213 1440
51.7225 1440
51.7237 1440
51.7297 1440
51.7309 1440
51.9532 1440
51.9544 1440
51.9556 1440
51.9568 1440
51.958 1440
51.9592 1440
51.9604 1440
51.9616 1440
51.9628 1440
51.964 1440
51.9652 1440
51.9664 1440
51.9724 1440
51.9736 1440
52.1959 1440
52.1971 1440
52.1983 1440
52.1995 1440
52.2007 1440
52.2019 1440
52.2031 1440
52.2043 1440
52.2055 1440
52.2067 1440
52.2079 1440
52.2091 1440
52.215 1440
52.2162 1440
52.2174 1440
52.4386 1440
52.4398 1440
52.441 1440
52.4422 1440
52.4434 1440
52.4446 1440
52.4458 1440
52.447 1440
52.4482 1440
52.4494 1440
52.4506 1440
52.4518 1440
52.4577 1440
52.4589 1440
52.6589 1440
52.6813 1440
52.6825 1440
52.6837 1440
52.6849 1440
52.6861 1440
52.6873 1440
52.6885 1440
52.6897 1440
52.6909 1440
52.692 1440
52.6932 1440
52.6944 1440
52.7004 1440
52.7016 1440
52.9228 1440
52.924 1440
52.9252 1440
52.9264 1440
52.9276 1440
52.9288 1440
52.9299 1440
52.9311 1440
52.9323 1440
52.9335 1440
52.9347 1440
52.9359 1440
52.9371 1440
52.9419 1440
52.9431 1440
53.1431 1440
53.1655 1440
53.1667 1440
53.1678 1440
53.169 1440
53.1702 1440
53.1714 1440
53.1726 1440
53.1738 1440
53.175 1440
53.1762 1440
53.1774 1440
53.1786 1440
53.1834 1440
53.1846 1440
53.3846 1440
53.4069 1440
53.4081 1440
53.4093 1440
53.4105 1440
53.4117 1440
53.4129 1440
53.4141 1440
53.4153 1440
53.4165 1440
53.4177 1440
53.4189 1440
53.4201 1440
53.4213 1440
53.4249 1440
53.4261 1440
53.6261 1440
53.6484 1440
53.6496 1440
53.6508 1440
53.652 1440
53.6532 1440
53.6544 1440
53.6556 1440
53.6568 1440
53.658 1440
53.6592 1440
53.6604 1440
53.6616 1440
53.6628 1440
53.664 1440
53.6676 1440
53.6687 1440
53.8899 1440
53.8911 1440
53.8923 1440
53.8935 1440
53.8947 1440
53.8959 1440
53.8971 1440
53.8983 1440
53.8995 1440
53.9007 1440
53.9019 1440
53.9031 1440
53.9043 1440
53.9055 1440
53.9066 1440
53.909 1440
53.9102 1440
54.1102 1440
54.1326 1440
54.1338 1440
54.135 1440
54.1362 1440
54.1374 1440
54.1386 1440
54.1398 1440
54.141 1440
54.1422 1440
54.1434 1440
54.1445 1440
54.1457 1440
54.1469 1440
54.1481 1440
54.1505 1440
54.1517 1440
54.3517 1440
54.3741 1440
54.3753 1440
54.3765 1440
54.3777 1440
54.3789 1440
54.3801 1440
54.3813 1440
54.3824 1440
54.3836 1440
54.3848 1440
54.386 1440
54.3872 1440
54.3884 1440
54.3896 1440
54.3908 1440
54.392 1440
54.3932 1440
54.5932 1440
54.6156 1440
54.6168 1440
54.618 1440
54.6192 1440
54.6203 1440
54.6215 1440
54.6227 1440
54.6239 1440
54.6251 1440
54.6263 1440
54.6275 1440
54.6287 1440
54.6299 1440
54.6311 1440
54.6323 1440
54.6335 1440
54.6347 1440
54.6359 1440
54.8571 1440
54.8582 1440
54.8594 1440
54.8606 1440
54.8618 1440
54.863 1440
54.8642 1440
54.8654 1440
54.8666 1440
54.8678 1440
54.869 1440
54.8702 1440
54.8714 1440
54.8726 1440
54.8738 1440
54.875 1440
54.8762 1440
54.8774 1440
54.8786 1440
55.0774 1440
55.0997 1440
55.1009 1440
55.1021 1440
55.1033 1440
55.1045 1440
55.1057 1440
55.1069 1440
55.1081 1440
55.1093 1440
55.1105 1440
55.1117 1440
55.1129 1440
55.1141 1440
55.1153 1440
55.1165 1440
55.1177 1440
55.1189 1440
55.1201 1440
55.3189 1440
55.3201 1440
55.3424 1440
55.3436 1440
55.3448 1440
55.346 1440
55.3472 1440
55.3484 1440
55.3496 1440
55.3508 1440
55.352 1440
55.3532 1440
55.3544 1440
55.3556 1440
55.3568 1440
55.358 1440
55.3591 1440
55.3603 1440
55.3615 1440
55.3627 1440
55.3639 1440
55.5615 1440
55.5627 1440
55.5851 1440
55.5863 1440
55.5875 1440
55.5887 1440
55.5899 1440
55.5911 1440
55.5923 1440
55.5935 1440
55.5947 1440
55.5959 1440
55.597 1440
55.5982 1440
55.5994 1440
55.6006 1440
55.6018 1440
55.603 1440
55.6042 1440
55.6054 1440
55.803 1440
55.8042 1440
55.8266 1440
55.8278 1440
55.829 1440
55.8302 1440
55.8314 1440
55.8326 1440
55.8338 1440
55.835 1440
55.8361 1440
55.8373 1440
55.8385 1440
55.8397 1440
55.8409 1440
55.8421 1440
55.8433 1440
55.8445 1440
55.8457 1440
55.8469 1440
55.8481 1440
56.0445 1440
56.0457 1440
56.0681 1440
56.0693 1440
56.0705 1440
56.0717 1440
56.0729 1440
56.074 1440
56.0752 1440
56.0764 1440
56.0776 1440
56.0788 1440
56.08 1440
56.0812 1440
56.0824 1440
56.0836 1440
56.0848 1440
56.086 1440
56.0872 1440
56.0884 1440
56.0896 1440
56.0908 1440
56.2872 1440
56.2884 1440
56.3108 1440
56.3119 1440
56.3131 1440
56.3143 1440
56.3155 1440
56.3167 1440
56.3179 1440
56.3191 1440
56.3203 1440
56.3215 1440
56.3227 1440
56.3239 1440
56.3251 1440
56.3263 1440
56.3275 1440
56.3287 1440
56.3299 1440
56.3311 1440
56.3323 1440
56.3335 1440
56.3347 1440
56.5299 1440
56.5311 1440
56.5534 1440
56.5546 1440
56.5558 1440
56.557 1440
56.5582 1440
56.5594 1440
56.5606 1440
56.5618 1440
56.563 1440
56.5642 1440
56.5654 1440
56.5666 1440
56.5678 1440
56.569 1440
56.5702 1440
56.5714 1440
56.5726 1440
56.5738 1440
56.5749 1440
56.5761 1440
56.7714 1440
56.7726 1440
56.7949 1440
56.7961 1440
56.7973 1440
56.7985 1440
56.7997 1440
56.8009 1440
56.8033 1440
56.8045 1440
56.8057 1440
56.8069 1440
56.8081 1440
56.8093 1440
56.8105 1440
56.8117 1440
56.8128 1440
56.814 1440
56.8152 1440
56.8164 1440
56.8176 1440
56.8188 1440
57.0128 1440
57.014 1440
57.0364 1440
57.0376 1440
57.0388 1440
57.04 1440
57.0412 1440
57.0424 1440
57.0448 1440
57.046 1440
57.0472 1440
57.0484 1440
57.2555 1440
57.2779 1440
57.2791 1440
57.2803 1440
57.2815 1440
57.2827 1440
57.2839 1440
57.2863 1440
57.2875 1440
57.2887 1440
57.2899 1440
57.5194 1440
57.5206 1440
57.5218 1440
57.523 1440
57.5242 1440
57.5254 1440
57.5278 1440
57.529 1440
57.5301 1440
57.5313 1440
57.7313 1440
57.7621 1440
57.7633 1440
57.7645 1440
57.7657 1440
57.7668 1440
57.768 1440
57.7704 1440
57.7716 1440
57.7728 1440
57.774 1440
58.0036 1440
58.0047 1440
58.0059 1440
58.0071 1440
58.0083 1440
58.0095 1440
58.0107 1440
58.0119 1440
58.0131 1440
58.0143 1440
58.0155 1440
58.2155 1440
58.2462 1440
58.2474 1440
58.2486 1440
58.2498 1440
58.251 1440
58.2522 1440
58.2534 1440
58.2546 1440
58.2558 1440
58.257 1440
58.457 1440
58.4877 1440
58.4889 1440
58.4901 1440
58.4913 1440
58.4925 1440
58.4937 1440
58.4949 1440
58.4961 1440
58.4973 1440
58.4985 1440
58.4997 1440
58.6985 1440
58.7292 1440
58.7304 1440
58.7316 1440
58.7328 1440
58.734 1440
58.7352 1440
58.7364 1440
58.7376 1440
58.7388 1440
58.74 1440
58.7412 1440
58.7424 1440
58.9707 1440
58.9719 1440
58.9731 1440
58.9743 1440
58.9755 1440
58.9767 1440
58.9779 1440
58.9791 1440
58.9803 1440
58.9814 1440
58.9826 1440
58.9838 1440
58.985 1440
59.1838 1440
59.2134 1440
59.2146 1440
59.2158 1440
59.217 1440
59.2182 1440
59.2193 1440
59.2205 1440
59.2217 1440
59.2229 1440
59.2241 1440
59.2253 1440
59.2265 1440
59.4253 1440
59.4265 1440
59.4561 1440
59.4572 1440
59.4584 1440
59.4596 1440
59.4608 1440
59.462 1440
59.4632 1440
59.4644 1440
59.4656 1440
59.4668 1440
59.468 1440
59.4692 1440
59.4704 1440
59.668 1440
59.6692 1440
59.6987 1440
59.6999 1440
59.7011 1440
59.7023 1440
59.7035 1440
59.7047 1440
59.7059 1440
59.7071 1440
59.7083 1440
59.7095 1440
59.7107 1440
59.7119 1440
59.9095 1440
59.9107 1440
59.9402 1440
59.9414 1440
59.9426 1440
59.9438 1440
59.945 1440
59.9462 1440
59.9474 1440
59.9486 1440
59.9498 1440
59.951 1440
59.9522 1440
59.9534 1440
59.9546 1440
