0.911119 2.8698184252002203
1.01363 3.458299412222834
1.17443 3.522590087600594
1.30609 3.300084724751943
1.43774 2.8323864975360498
1.57538 2.410784045780456
1.70823 2.057288229590755
1.84107 1.7350780205648249
1.97273 1.5470912462260333
2.10798 1.553168933588404
2.23964 1.3577539898547293
2.37368 1.2360020841302366
2.50533 1.2765144865308504
2.63699 1.3384812091779792
2.76984 1.4023304244137464
2.90029 1.4539412616788054
3.03314 1.6572886007519865
3.16599 1.991020761833573
3.29764 2.317711877743377
3.42931 2.5703683105429875
3.56215 2.7003219082367864
3.69263 2.707590236371385
3.82428 2.5329069953151646
3.95713 2.355014194879217
4.08998 2.1307271287002405
4.22283 1.9189004550867643
4.35448 1.8541170834371585
4.49452 1.8144326738888592
4.62856 1.7111318386184067
4.75903 1.6741821762319902
6.13417 0.04512209678413013
7.15473 0.49637772217955073
7.28639 0.5081099302030454
7.46272 0.6088949091459206
7.63905 0.794240240375927
7.76951 0.9482804514480421
7.94825 1.2054042938704639
8.07991 1.2211323211673064
8.21395 1.2906549696702714
8.34442 1.2568033850479694
8.47966 1.140174834739645
8.65243 0.9356618390200496
8.74299 0.7455856030358209
8.87464 0.6595032173802244
9.0075 0.6834534694495027
9.14155 0.62047916125425
9.2732 0.5956734516373172
9.40605 0.6586155149645391
9.5377 0.769428924226508
9.67175 0.9183402779346657
9.80579 1.0876818340346084
9.93744 1.2641496629815552
10.0703 1.5512679923921548
10.2019 1.8715216963651191
10.3336 2.1747476663065872
10.4664 2.507018991256314
10.5981 2.833385530959429
10.7298 3.156704010840206
10.8614 3.127664953298849
10.9931 3.0694340928449844
11.1271 3.002954608285113
11.2588 2.949099292813455
11.3904 2.8908110751956286
11.5233 2.8285091123681374
11.6329 2.8592178874211314
11.7431 3.1108642329256053
11.8552 3.4034473745353315
11.9677 3.6559129124365652
12.081 3.835441842900274
12.1899 3.9360661826836245
12.3228 3.819074576020942
12.4544 3.535204594678243
12.5993 3.07309877622378
12.7321 2.5956776579739205
12.8638 2.0814396313941823
12.9966 1.7265629353822978
13.1283 1.3995322452229304
13.2599 1.461078505671656
13.3928 1.5570401427017144
13.5244 1.878961996687062
13.6561 2.196017887563883
13.7889 2.5419200833616777
13.9206 2.865890290064632
14.0522 3.1942078364565702
14.1851 3.484167940876661
14.3179 3.5965664115598166
14.4496 3.6882761993875164
14.5824 3.7832394086995995
14.7153 3.727970181540574
14.8481 3.653824059671934
14.9798 3.57885137427895
15.115 3.5819594180110492
15.2455 3.52914510519174
15.3783 3.519987801782485
15.5112 3.549180892070479
15.6417 3.6906904797251663
15.7745 3.8398092869867906
15.9073 4.001807303450213
16.039 4.28637504253143
16.1707 4.647726426930881
16.3083 4.876211874788776
16.4388 4.9638893595391655
16.5692 4.6475361596539
16.7236 4.191960224139803
16.8576 3.5935456532213683
17.0053 2.8095342509815278
17.0935 2.1848158364348373
17.2251 1.5135037079213383
17.358 1.0130710303021884
17.4884 0.8594259289439391
17.5778 0.7088742143174978
17.7107 0.725287895698052
17.8024 0.7689575290245543
17.9377 0.8280841313702344
18.1128 0.8775219899595023
18.2457 0.951678777843404
18.3761 0.965341437140924
18.5102 0.8763389471688572
18.6418 0.7559684327411148
18.7747 0.7590508728338432
18.9075 0.8212681574923549
19.0404 0.9319925453851358
19.1708 1.0203634683995926
19.3037 1.2178035926365773
19.4365 1.5058288435942482
19.567 1.8043012550968474
19.7022 2.0160683691096546
19.8339 2.013103898031893
19.9667 2.000903651725119
20.0972 1.9785096521406818
20.23 1.9636197327488745
20.3617 1.9162923674821695
20.4934 1.9038489105504488
20.6262 2.083721518313451
20.7591 2.42647410168197
20.8907 2.7412863644096768
21.0236 3.073533862130498
21.1552 3.160638060652415
21.2857 2.9571377235945584
21.4173 2.7325449850936976
21.549 2.4954748722316906
21.6842 2.2179498766587216
21.8159 1.981202417914257
21.9487 1.829395371969872
22.0804 1.791857798165145
22.2145 1.8713316941624287
22.3461 1.737361275838696
22.4778 1.6110802664974617
22.6094 1.4952471078598144
22.7423 1.3812237194189638
22.8751 1.242656727180181
23.008 1.2906112334801743
23.1396 1.4455694901315772
23.2713 1.76697088430174
23.4041 2.0782927014895822
23.537 2.432305786174181
23.6674 2.745334152089969
23.8003 3.09017735624364
23.9331 3.4472280138479903
24.0648 3.7879593399115006
24.1976 4.156585402979165
24.3377 4.092293209357098
24.4705 3.9324940214036954
24.6105 3.6026754078201724
24.7422 3.1752393424855714
24.8739 2.7389398998330647
25.0067 2.299009002114871
25.1372 1.9131343212841168
25.27 1.9280764849814358
25.4029 1.987191133720921
25.5345 2.3051726246172093
25.6698 2.448033752544964
25.8026 2.5901213515228414
25.9343 2.692909977549979
26.0671 2.813194003807108
26.2 2.7970149332544905
26.3316 2.738836453045686
26.4716 2.4778410605083163
26.6033 2.3204467896865455
26.735 2.1723331648129345
26.8678 2.0242195399393235
26.9983 1.915717020334119
27.1311 1.915932560052879
27.264 1.9936628104797556
27.3956 2.3176330171827075
27.5344 2.56215628872801
27.6685 2.5515201636654297
27.8001 2.5058703476123627
27.9318 2.4809032166329574
28.0646 2.453185925577885
28.1963 2.406846404196152
28.3279 2.3609233481941994
28.4608 2.5135783002038874
28.5924 2.8288299505160897
28.7229 2.936184589304001
28.8558 3.0777169636781414
28.9874 3.1817304620954068
29.1191 3.28602785951895
29.2579 3.403447374535333
29.3896 3.507197810913716
29.5212 3.6930916878172715
29.6529 3.9288378137302913
29.7422 4.2578829146011605
29.8567 4.561375131827247
29.9668 4.715109448537681
30.0973 4.744529724121093
30.1867 4.622561072335033
30.3183 4.132437891816331
30.45 3.536771168671631
30.5828 2.9247303299492478
30.7157 2.317476998730966
30.8462 1.7965378719055125
30.979 1.420484752466826
31.1107 1.4703263227288175
31.2423 1.7693757443007831
31.3752 2.080885558438246
31.5116 2.1067972715735968
31.6445 2.094404346446693
31.7749 2.072423807607594
31.9078 1.98286802030456
32.0394 1.7001321056421526
32.1735 1.3737551220851665
32.3063 1.0672362123009134
32.438 1.0065519490159454
32.5696 0.9332592698776738
32.7025 0.9071394108415322
32.833 0.9719106201088811
33.0093 1.270960041680842
33.1421 1.5598489500511148
33.2738 1.881519277390267
33.4054 2.1962673216719732
33.5383 2.541920083361676
33.6699 2.8662153683643514
33.804 2.9242123789500685
33.9369 2.7425488711453703
34.0685 2.435607185273145
34.2002 2.065613850662599
34.3343 1.6627151216964111
34.4647 1.217803592636576
34.5988 0.7817242736333883
34.734 0.6550516263077969
34.8669 0.6311847858229118
34.9985 0.6806894749070618
35.1302 0.7683613578680161
35.263 0.9047855969370547
35.3935 1.0300070421043699
35.5275 1.143373515271493
35.6604 1.2319022362385343
35.7944 1.3652237841730641
35.9249 1.356336805555559
36.0566 1.3296426980827922
36.1882 1.2319022362385343
36.3211 1.1805238908211706
36.4527 1.2194587793068319
36.5844 1.2602148104769948
36.7148 1.138544424752312
36.8489 1.1712769011568542
36.9805 1.2103053130323702
37.1122 1.3083412193773374
37.245 1.372511179727429
37.3755 1.4368562883828013
37.5083 1.6574201912715512
37.64 1.9064400625212639
37.7717 2.008857272146497
37.9033 2.099059621289659
38.0362 2.23041026922422
38.169 2.3300934097482267
38.3007 2.3550141948792023
38.4335 2.289596075433243
38.5652 2.389143730886863
38.7004 2.543993296763805
38.8309 2.680500254151131
38.9637 2.6808030671034735
39.0954 2.662899783384317
39.227 2.7962939232183603
39.3611 2.9450964434170097
39.4952 2.949516180203055
39.628 2.9411044455269355
39.7585 2.978333615723479
39.8913 3.127250296509653
40.0242 3.276166977295827
40.1558 3.4452331852792035
40.2875 3.6433933134582137
40.4191 3.6758158068220164
40.5508 3.4437553236796834
40.7052 3.048709103396607
40.8356 2.5977885109069887
40.9685 2.146291208791211
41.0989 1.6608944253001339
41.2306 1.1846085239273014
41.3646 0.933125768328113
41.4963 0.7927523624833503
41.5845 0.7985519591141423
41.7161 0.8846878721503973
41.8526 0.9183195315147393
41.9794 0.8223859093229045
42.1123 0.7590508728338432
42.2439 0.7860745847529839
42.3756 0.7860745847529839
42.5096 0.7227027687989095
42.6401 0.6479404134059243
42.773 0.6470597604485167
42.9493 0.6728611985369156
43.081 0.6719466743119211
43.215 0.6825347869366306
43.3455 0.6728611985369156
43.4783 0.6719466743119268
43.61 0.6354800208404202
43.7416 0.6843901312436291
43.8733 0.7611198360306669
44.0049 0.9096086572813865
44.1378 1.1089749383293708
44.3117 1.4137969230440697
44.4446 1.4598528002555375
44.5787 1.3829467247391742
44.7115 1.3296426980827922
44.8432 1.2070153223751172
44.9748 1.1074676669215098
45.1077 1.0189785162877472
45.2381 1.0065519490159454
45.371 1.194571865443427
45.5026 1.4598528002555375
45.6343 1.7717871592844878
45.7671 2.083721518313457
45.9 2.4389175586136727
46.0304 2.7450223594548624
46.1633 3.090177356243599
46.2961 3.447228013847984
46.429 3.5214983116717864
46.5594 3.4020730241889976
46.6923 3.3099595438328184
46.8239 3.190222323049021
46.9556 3.1026377488091454
47.0884 3.0116576871884906
47.2201 2.903271467761125
47.3541 3.210775550804259
47.493 3.5176985907482323
47.6318 3.5633320155762624
47.7658 3.338454561581707
47.8975 3.1061079071126425
48.0303 2.8821403262561307
48.162 2.6291858268866855
48.2973 2.3201093072690817
48.4313 1.8908074779280164
48.563 1.7202879456742044
48.6958 1.722616592639593
48.8287 1.745040290216301
48.9651 1.563320640756301
49.098 1.3171284138655452
49.232 1.1709875147256803
49.3649 1.097030408532479
49.4965 0.9997669678968675
49.6282 0.9133673533872618
49.761 0.868680637919348
49.8915 1.0065519490159454
50.0243 1.1947071816946124
50.156 1.4348980515332208
50.2948 1.608902395234868
50.4277 1.6212785675059054
50.5605 1.6664655021067436
50.6922 1.6808871920350987
50.8322 1.628601917771957
50.965 1.4429950119657156
51.0979 1.2717922139358848
51.2319 1.303212602115029
51.3696 1.3067331140228995
51.5 1.1525835309709822
51.6329 1.0529635782347035
51.7633 1.05209316203808
51.8962 1.1386078489354476
52.0267 1.0781844860406118
52.1595 0.941862309644673
52.2912 0.9120913830603871
52.4228 0.9857125745315108
52.5557 0.9981899488926692
52.6897 0.9457027268093784
52.8226 0.8077268726671166
52.9542 0.8574331417543238
53.0859 0.9319925453851347
53.2187 1.0065519490159534
53.3492 1.0811113526467562
53.482 1.2055133802319007
53.6125 1.2369458482599769
53.7478 1.2194587793068319
53.9205 1.0952992929128798
54.0111 1.0452503822629975
54.1427 0.8971482647158959
54.2756 0.7839377866972479
54.406 0.6977819836679126
54.5389 0.8337116144240573
54.6705 1.023260911233537
54.8022 1.270960041680842
54.9363 1.457865930163319
55.0667 1.4952471078598233
55.1996 1.4952471078598233
55.3312 1.4952471078598144
55.4653 1.4539083708008183
55.6017 1.2623695716458214
55.7334 1.038195030374614
55.8662 0.9902053289770162
55.9967 1.0162198604060944
56.1319 1.0862886235955067
56.2636 1.1247112829058403
56.3952 1.2676532451923084
56.5281 1.5554321164627982
56.6609 1.8244354206676454
56.7926 1.913691359857477
56.9254 2.035424550948933
57.0571 2.1402745922528137
57.1935 2.206189537736901
57.3288 2.1940608170649627
57.4616 1.9231005245736121
57.5945 1.7403350922649226
57.7261 1.6541213132022492
57.859 1.577751598788288
57.9906 1.4645127866583825
58.1283 1.3435540958431502
58.2611 1.334972364423948
58.3928 1.495495222325346
58.5244 1.6608393149255343
58.6573 1.8564258406556156
58.7878 1.9704750951776628
58.9206 1.9925637356370267
59.0523 2.1336310157580782
59.1839 2.2833595080919946
59.3168 2.4330880004258977
59.4472 2.548858111566022
59.5789 2.5738469165813753
59.7141 2.609579127078367
59.847 2.733844799796383
59.9786 2.8371081804281513
60.1115 2.978333615723479
60.2443 3.114840573110805
60.3748 3.251347530498131
60.5088 3.2968899833596343
60.6465 3.0857005182002
60.7806 2.703073653943394
60.9122 2.3081039876137646
61.0451 1.9105585766576942
61.1755 1.4707762930307122
61.3084 1.1340089616290796
61.44 1.0811113526467642
61.5717 1.270960041680842
61.7093 1.4271181908675004
61.8434 1.495495222325346
61.9738 1.4747580901015234
62.1079 1.5202141516199796
62.2395 1.5451069032684572
62.3712 1.547021533879681
62.5028 1.4214983510069727
62.6357 1.443441004077476
62.7769 1.380532648939751
62.9086 1.3065755427465495
63.0414 1.2204291790563222
63.1719 1.0876328889638898
63.3047 1.0724983694737453
63.4364 1.1586613303601467
63.568 1.2584996491153524
63.7009 1.3974659284497457
63.8325 1.545263937726852
63.9654 1.6821529963422914
64.097 1.8318854745633169
64.2287 1.9812024179142547
64.3615 2.118507011399717
64.498 2.2153348365157033
64.6296 2.320880433094215
64.7613 2.4785850253806885
64.8941 2.6275965280911646
65.0258 2.7425488711453703
65.1574 2.900271639496848
65.2903 3.0610525063451886
65.4231 3.422338280896013
65.5536 3.7432123083475495
65.6864 4.08747235140649
65.8193 4.442314124617776
65.9498 4.5791963905451745
66.0826 4.672647212061957
66.2131 4.466900021294747
66.3447 4.028320312499992
66.4776 3.7806444314310252
66.6296 3.30480066808193
66.7612 2.686740982103136
66.8941 2.28043440934067
67.0245 1.8685062284626417
67.1574 1.878213289575962
67.2467 1.911313297842295
67.3772 1.8782132895759294
67.4689 1.933514426331209
67.597 2.1960178875638845
67.7311 2.5384652140673007
67.8627 2.8246647234964226
67.998 2.965923892324631
68.132 3.1022256264765087
68.2637 3.2054286181987375
68.3965 3.205428618198703
68.5282 3.131171584572512
68.6598 3.0610525063451886
68.7915 2.849551637359862
68.9243 2.6628997833842907
69.056 2.4671577279687122
69.1876 2.2833595080919946
69.3217 2.264709161569812
69.4522 2.1336310157580916
69.5826 1.8341740310902885
69.7155 1.834174031090271
69.8459 1.8366771686284502
69.9788 1.8491715711361267
70.1116 1.884083528534922
70.2421 1.9017445336522294
70.3541 2.103182434441547
70.4679 2.3050840736040623
70.5995 2.370453888705425
70.7021 2.426772446303672
70.8361 2.2684913757215734
70.9666 2.1017942910992113
71.0571 1.9879790013043932
71.1513 1.8909980910394768
71.2829 1.6334298423733409
71.4146 1.3049923505495293
71.5051 1.185042134831462
71.6344 1.1247112829058472
71.7673 1.1881125380195885
71.8977 1.2392925126903571
72.0306 1.3136500634517607
72.1634 1.4709417719115847
72.2951 1.7942965294317559
72.4279 2.1058063435692502
72.562 2.3826668925787833
72.6948 2.4571252329718702
72.8277 2.5529425761421365
72.9593 2.6275965280911646
73.0922 2.705319700948827
73.2262 2.7973300543600463
73.3567 2.6892647525380773
73.4895 2.746582031249998
73.6236 2.614907201776655
73.7576 2.4540760026511843
74.1328 1.3748931156538198
74.221 1.0763714929859687
74.3526 0.731933919053966
74.442 0.5982590915015715
74.5736 0.5092156720741597
74.7053 0.4473781086387451
75.1086 0.8281773001518992
75.2403 0.8775219899594948
75.3719 0.9530726291403863
75.5048 1.0629139596692476
75.6353 1.1386078489354585
75.7681 1.2252410548327006
75.9022 1.2941195208970553
76.0374 1.425186389593892
76.1679 1.5160412071598193
76.3007 1.6606519670050583
76.4324 1.7497709992375439
76.564 1.7125418290410306
76.6957 1.7024397162368463
76.8285 1.839340002828059
76.9614 1.9812024179142635
77.093 2.1307271287002085
77.2259 2.277152618501549
77.3587 2.4980225714083715
77.4904 2.8332573379708594
77.622 3.160996084900317
77.7537 3.285072629969448
77.8854 3.3892267778155314
78.017 3.5061421954855363
78.1499 3.6384346291254963
78.2815 3.7432123083475495
78.4144 3.7806444314310252
78.546 3.7879593399114753
78.6777 3.9499444432630564
78.8105 4.074548368917935
78.941 4.167443036626941
79.0738 4.012246406090444
79.2055 3.5934838160136464
79.3383 3.3273021884924803
79.4712 3.0901773562436468
79.6041 2.845683905242597
79.7345 2.3799349800102214
79.8662 1.9313608476522366
80.0062 1.7797629092136251
80.1402 1.6025837704780102
80.2707 1.3700510300808841
80.4036 1.1494302122004814
80.5352 1.0245676790730347
80.6705 0.9957397092144921
80.8033 0.8606120957363549
80.935 0.8314514677228045
81.0666 0.9071394108415457
81.1995 1.0051875953066742
81.3359 0.9997669678968761
81.4688 0.9860947492426769
81.6004 1.0657915609137083
81.7321 1.2145066624365501
81.8649 1.3508288388324712
81.9966 1.373755122085173
82.1294 1.386287460567814
82.2611 1.5201678929908202
82.3927 1.6698819972209535
82.5256 1.8192173145627835
82.6572 1.9911786361576773
82.7913 2.1870758398371133
82.9218 2.355014194879177
83.0522 2.3831785029812633
83.1863 2.2428706617896927
83.3167 2.0933459510037515
83.4532 1.9359168502202613
83.5848 1.7521459853240535
83.7165 1.5927624872579143
83.8493 1.6504932120467612
83.9858 1.740335092264905
84.1162 1.8442574252196788
84.2479 1.9731460204168048
84.3807 2.109891302812923
84.5136 2.0848335310064354
84.6453 1.933296319796935
84.7781 1.6606519670050757
84.9098 1.5056582887359709
85.0414 1.3706431822048386
85.1767 1.2764712880710676
85.3071 1.1432441890057652
85.44 1.217803592636576
85.5716 1.4540728400735314
85.7033 1.7669708843017486
85.8361 2.078292701489576
85.9678 2.3859009161859386
86.1078 2.4350884795510686
86.2395 2.422455070874094
86.3723 2.4071168363764075
86.504 2.1381873839858114
86.6356 1.8417674286959913
86.7685 1.456450644590489
86.9014 1.081111352646774
87.033 0.9594502275433888
87.1647 0.8597670870194002
87.2975 0.8461550713557524
87.428 0.984371012674386
87.5608 1.1199111238532016
87.6925 1.1479184412265784
87.8265 1.2194587793068405
87.9582 1.2584996491153313
88.0898 1.3314498916921627
88.2227 1.3936671763506507
88.3531 1.4473754258943792
88.486 1.6572322112112752
88.6212 1.9733689243956163
88.7577 2.187625242575078
88.8893 2.2774722566471186
89.0222 2.4068464041961497
89.1538 2.509253610907953
89.2855 2.6325659698785304
89.4183 2.7601973545234086
89.55 2.8790558285326964
89.6816 3.1696130665038478
89.8157 3.529145105191684
89.9473 3.8579086075555065
90.0814 4.175326603325367
