0.911127 2.73715572513491
1.01721 3.227935152453519
1.15006 3.672725117959189
1.29008 3.843755189880438
1.39546 3.571296409166887
1.51469 3.3417190153861602
1.61649 3.2022990975733276
1.72975 3.1351950068253505
1.8387 3.0735617118232077
1.94957 3.0528908016639256
2.06211 2.9782178032196795
2.15386 2.9994356946441854
2.25756 3.156775713373094
2.39041 3.37680468404429
2.52446 3.412789583262726
2.65613 3.417344653117887
2.78778 3.244150576980725
2.87953 3.20553694996451
3.02075 2.8077643192547157
3.15241 2.366342646197201
3.28407 2.025751959127224
3.41574 1.7603138690783047
3.54859 1.6104659315343621
3.68144 1.620583457188835
3.78275 1.6451561365033216
3.90605 1.7350290894426343
4.0389 1.7079310133605212
4.17055 1.7203267048654893
4.30221 1.9678778959241687
4.43745 2.2958643588634504
4.5691 2.607964397514791
4.71391 2.6343185930596444
4.81283 2.8251976088568247
4.94689 2.8554046761291336
5.08333 2.80569757359454
5.21617 2.69529819012121
5.30793 2.7475903212761628
5.43839 2.6465145124719576
5.53372 2.868128494322441
5.67016 3.260713068573986
5.80301 3.428264747722728
5.94064 3.687963137198931
6.07469 3.9053175545285277
6.20754 4.000305974622849
6.30048 4.292907338272924
6.42737 4.390530988432749
6.54827 4.110024841949537
6.64959 4.061241164300283
6.7681 4.126937173568461
6.89976 3.8790293213967804
7.03141 3.608602510193686
7.1834 3.0611078097941853
7.31505 2.45132537756427
7.45031 2.295840211084426
7.58316 1.96611847864145
7.716 1.8069618626644708
7.84766 1.8440912160068914
7.97931 1.9431247148433612
8.11216 2.3175554270026137
8.24381 2.717821522671049
8.35469 3.3307371827447976
8.50952 3.471803129389067
8.64117 3.633612890346278
8.77402 3.827512597984293
8.90567 4.0069292831900745
9.03852 4.200322266619131
9.15657 4.366236088754419
9.25834 4.504684473648452
9.39359 5.001288007472273
9.52644 5.081328577995635
9.65929 5.155689484015084
9.78976 5.0632815323965366
9.92141 4.577229853874093
10.0519 4.265018846711172
10.1412 3.9426520575245663
10.2473 3.6588976759289076
10.3486 3.7931414754876256
10.4492 3.9733103718383114
10.5732 3.646782318877171
10.7025 3.4331892222185263
10.833 3.2411669143776476
10.9646 2.8646088329509674
11.0963 2.4709096487915354
11.228 2.0898240810674733
11.3668 1.590077783153823
11.4996 1.4916356632910703
11.6313 1.5986873413705567
11.7701 1.6943599477536837
11.9018 1.7923834017767335
12.0323 1.6718592648539798
12.1639 1.6089023952348795
12.298 1.720287945674218
12.4308 1.8415602324502178
12.5625 1.8067569219972777
12.6929 1.7991939611054206
12.8234 1.7367219485670395
12.9563 1.8815192773902685
13.0879 1.9517904424325236
13.2196 2.0641586661637517
13.356 1.9536227382772768
13.4913 1.8341529187817183
13.6241 1.7921223738609504
13.757 1.8020491026289105
13.8886 1.777363498483309
14.0203 1.777363498483309
14.1531 1.7897063005561098
14.2848 2.1681083063967304
14.4152 2.7540591148196576
14.5517 2.994802712504253
14.6845 3.1896592048407104
14.815 3.1812012215812833
14.9586 2.9958248351586807
15.0902 2.8484891875279263
15.2219 2.6836469479572007
15.3101 2.4921495243881955
15.4174 2.378257087450041
15.5514 2.2715173757781293
15.6432 2.227723769188913
15.7784 2.29701442835277
15.9149 2.3254162832163803
16.0477 2.280687565913632
16.1674 2.3507331797394704
16.2568 2.6485008660020393
16.3872 3.0246551676287607
16.4546 3.547681750203272
16.5899 4.263199260830525
16.7263 4.960995997004938
16.8603 5.0736151198934225
16.9533 5.2788671919688674
17.0849 4.951653217972903
17.1808 4.7972511377168585
17.3048 4.354039898562367
17.4054 4.169667062012876
17.5258 3.768622769343891
17.6264 3.5396457685257294
17.7456 3.5776874265610954
17.8849 3.5025112206150895
17.9755 3.5972278677954517
18.1071 3.8070824163115113
18.218 3.9881541928008146
18.3281 4.1397401031736845
18.439 4.0247427633769695
18.548 3.855932611712247
18.6588 3.5978761066551725
18.7542 3.7408870643045837
18.887 3.8661922908803015
18.9876 4.099469154048957
19.1081 3.9389321615884163
19.2301 3.6832494379995318
19.3183 3.717877538071079
19.45 3.9037714149746408
19.5828 4.096974548642391
19.7133 4.206153110683896
19.8026 4.012546573184918
19.8968 3.852908350840329
20.0065 3.890584671264404
20.1106 4.0870087614834585
20.2435 4.268105727573934
20.3775 3.976951357466048
20.5092 3.6782639124533643
20.642 3.561992964160637
20.7737 3.747142244611722
20.8654 3.9731988825202422
20.9935 4.11331249652818
21.0972 4.054536391173893
21.1997 4.182129751124709
21.3641 4.005686555135653
21.497 3.6710532478074804
21.6298 3.1710094499333765
21.7615 2.6709656520592726
21.8931 2.18311804437722
21.9813 2.0600140842087398
22.1142 2.0696184961928856
22.2458 2.314482989296648
22.3894 2.5871821812221008
22.5235 2.835894286372773
22.6563 2.881458827427453
22.7612 2.9071047730671786
22.8941 2.756338983403632
23.0102 2.7306633658883017
23.1395 2.4184899325343507
23.2723 2.2616352434679334
23.4052 2.3020395323649456
23.5368 2.5419200833616977
23.6685 2.869796103066442
23.8013 3.202320889333083
23.933 3.3892267778156087
24.0886 3.3169955044955084
24.2214 3.195401830317479
24.3531 3.048709103396607
24.4544 3.0249115481834807
24.5896 2.719750412827478
24.7225 2.231655063686316
24.8178 2.107986209085786
24.9048 2.166425914917062
25.0584 2.417316157706711
25.1753 2.762740259833893
25.3105 3.0542118394600957
25.4725 2.992052457342171
25.5631 2.99908788071067
25.6947 2.914889455900299
25.8276 2.8904970755161963
25.9592 2.878300885324145
26.0546 2.88432714153483
26.1814 2.768535173595683
26.2756 2.785717666610563
26.3781 3.287869917932936
26.5145 3.659991324464982
26.6646 3.7703674503058355
26.7838 4.001224742216244
26.9167 4.0247427633769695
27.0423 3.805211339920045
27.1437 3.658857057615429
27.2634 3.4027370635823515
27.3515 3.3137704579473524
27.4832 3.5246989655028647
27.5761 3.7700608439750516
27.6858 4.068552401086236
27.8127 4.1611203035280475
27.9479 4.107604758326887
28.0433 3.9515656222246607
28.1362 3.9218928775743636
28.2643 3.622268487039275
28.3876 3.457490631211351
28.4889 2.963674216668504
28.6194 2.2194602272727297
28.751 1.782696484025282
28.8875 1.7286823631570085
29.0203 1.6062600272042467
29.1508 1.3258726533690923
29.2836 1.0422297886439724
29.4165 1.0775711937137769
29.5494 1.0905774111675153
29.681 1.1277561865482195
29.8127 1.3083412193773398
29.9491 1.4995439403553241
30.0808 1.5615085659898416
30.2136 1.4499722398477164
30.3453 1.4271181908675004
30.4781 1.5615085659898416
30.6098 1.69783074238578
30.7414 1.799613170046317
30.8731 1.796741908006807
31.0048 2.0213346465076643
31.1364 2.3489476714432005
31.2693 2.7325449850936976
31.4009 3.1068662159284552
31.5338 3.481187446763219
31.6654 3.6384346291255216
31.8007 3.5243614452727896
31.9323 3.3754447644866095
32.0652 3.2265280837004418
32.1968 3.065201679515411
32.3309 2.862765704314729
32.4637 2.698309521462348
32.5746 3.1560400498088748
32.7063 3.3342036010077547
32.8427 3.5484737282270267
32.9779 3.496338339412948
33.1096 3.2441865910856786
33.2025 3.2727375257791285
33.3318 3.0856361185890115
33.4659 2.7316433566433598
33.5975 2.7147872259016093
33.728 2.629328205853816
33.8173 2.6781009120380657
33.949 3.0082777368098905
34.0419 3.28355424859551
34.1712 3.549091345887026
34.2618 3.8262686425682553
34.3738 4.305255137794155
34.5103 4.59393846927054
34.6627 4.243850708007813
34.7533 4.204234327794525
34.8849 3.7548521718119794
35.0154 3.2134608083024103
35.1471 2.6361246937309817
35.2787 2.0749647608598982
35.4152 1.8735800235610935
35.5456 1.7171970565749302
35.6773 1.5554321164627982
35.8078 1.5075365197607222
35.9383 1.3848312762604997
36.0688 1.1742067581011943
36.1992 0.8643747327537114
36.3705 0.7460595221796311
36.6151 0.5513379788390788
36.7468 0.6362502088205819
36.8409 0.8161636680208936
37.0101 0.8909153000722092
37.1019 0.9819469130876372
37.2299 1.1377509926983933
37.6357 1.7303250506243661
37.7673 1.7921223738609504
37.8698 2.156684229440118
38.0402 2.4302793429024097
38.1719 2.417798120206726
38.3035 2.579935481039329
38.4447 2.7881598536286796
38.568 2.7527541257022508
38.7021 2.5022154262032963
38.8337 2.1696518738779242
38.9654 2.031043988176248
39.097 2.0559647733072444
39.2359 1.8539196970975347
39.3675 1.7676022973391141
39.4992 1.905930529739765
39.632 2.277472256647141
39.7661 2.4191892062689506
39.8977 2.456493591994385
40.0294 2.554380475927174
40.1622 2.8957177071549736
40.3059 2.860447483657386
40.4375 2.5538178922664376
40.5704 2.243609024522943
40.7044 2.2438594273158525
40.8349 2.123851565119005
40.9689 1.8269675118582642
41.1006 1.5781740435188363
41.2322 1.7523441918834883
41.3663 2.122062701202979
41.4968 2.2367821089243196
41.6284 2.2553310543552163
41.7613 2.47624792940878
41.8941 2.638012869520912
42.0509 2.3660608972580053
42.1837 2.1099409032249064
42.3166 1.915149388199797
42.4482 1.9794078201936076
42.5483 2.14361263050549
42.6716 2.1118109493741746
42.7985 2.2200729316199204
42.8647 2.40250050889847
43.0327 2.5077888972809816
43.1632 2.449612657563017
43.3044 2.256044736513489
43.4372 2.0001751914964525
43.5701 1.7682512799700318
43.7017 1.6911538799157324
43.8334 1.8020491026289271
43.965 1.7899073911516876
44.0979 1.9600832269692499
44.2296 2.3051726246172293
44.3612 2.6452033645655937
44.4941 2.990494215719613
44.6257 3.351845600119062
44.739 3.7667410714285645
44.8754 4.6003427262371686
45.0106 5.276062909294634
45.1423 5.793190341224549
45.2352 6.452208245258197
45.3753 6.636120682938621
45.5225 6.15381185620819
45.6553 5.420362355913827
45.787 4.685705647967696
45.9198 3.952092643250932
46.0515 3.183205640125473
46.1552 2.6792938300389575
46.2713 2.473515694661175
46.3762 2.7563389834036616
46.4703 3.343887045480931
46.6068 4.053948723973369
46.7556 4.536097365585341
46.8873 4.64772642693088
47.019 4.753879631601395
47.1518 4.548043286406894
47.2835 3.966844395761619
47.3824 3.611572019101364
47.5045 2.9903903906510427
47.6022 2.5515201636654297
47.7363 2.185234558330537
47.8644 1.703306686046503
47.996 1.3453654259352827
48.1289 1.380532648939751
48.2605 1.5922214673912967
48.3922 1.7674034445663167
48.5238 1.8116883636130972
48.6555 2.021334646507655
48.8318 2.4455653747870563
48.9647 2.791127934671641
49.0987 3.098420775993903
49.2328 3.3878544878854573
49.3728 3.4255538074150675
49.5045 3.491235523665635
49.6361 3.3195037978401936
49.7678 3.1266412815125997
49.9006 2.9506700425246195
50.0323 2.805598474940947
50.1723 2.690730851870593
50.3087 2.643308579761641
50.4392 2.7980438509760965
50.5441 2.8680953635786146
50.6805 2.8562178261244524
50.8134 2.756338983403626
50.9063 2.836963158420934
51.0332 2.756338983403626
51.1565 2.9550279889787916
51.2941 2.751473539765136
51.4258 2.682003828467776
51.5574 2.669944728847869
51.6975 2.48881219660195
51.8196 2.1811548223350252
51.9512 1.8589387690355315
52.0829 1.791857798165145
52.2157 2.136542828812689
52.3474 2.3739364764585473
52.479 2.3239588664278403
52.6107 2.2209726362862017
52.7424 2.208495261925027
52.874 2.196017887563869
53.0069 2.196017887563869
53.1385 2.1604044863070717
53.2714 2.492078513099683
53.4018 2.982092472316832
53.5163 3.7287086072338402
53.6503 4.391485133144649
53.7868 4.744317984708098
53.885 4.9103001855168955
54.0078 4.8662798866285355
54.1055 5.0312389026988695
54.2276 4.976045598357001
54.3289 4.824236433340907
54.4546 4.317451327986286
54.5683 4.036938953569016
54.6565 3.843031303236818
54.7882 4.0107032049642015
54.9186 3.6588570576154917
55.0658 3.3609004685398993
55.1975 2.938046796324293
55.3291 2.8400199159299473
55.4293 2.88364813915176
55.5502 2.7008517013074034
55.6818 2.2837025382766947
55.8135 2.2558691831268933
55.9511 2.0504210961946936
56.0828 2.0448326459390844
56.2192 1.972189498485362
56.3509 1.6786210819009015
56.4825 1.508024337590006
56.6214 1.5447799840977465
56.7458 1.4769239119690423
56.8775 1.6154537453342417
57.0092 1.7521459853240615
57.1396 1.829175397707835
57.2725 1.949126791197539
57.4041 2.0143478284079315
57.5358 2.2115092438587496
57.6686 2.5578617440374836
57.8027 2.7624474388379365
57.9355 2.6595862203054286
58.0672 2.622005694350199
58.2 2.606336315239488
58.3317 2.606041913758044
58.4789 2.51576655596933
58.5754 2.3144662567234366
58.7059 2.0123713816885043
58.8388 1.9131343212841354
58.9716 1.9757828111123417
59.1033 2.088098376542189
59.2349 2.0516931136060377
59.3666 1.8192973238425265
59.5006 1.7328593257097833
59.6323 1.630092858053013
59.7639 1.644771818645796
59.8956 1.644771818645796
60.0284 1.680056974258048
60.1601 1.9438212402177593
60.2734 2.427285913100056
60.4258 2.861995094291556
60.5586 3.0572813560520307
60.6903 3.268187192483851
60.8232 3.4297325670173304
60.956 3.611229509064718
61.1008 3.4531258707646244
61.2337 3.2158089002504346
61.3374 3.2685789714697813
61.4619 3.3413851773226813
61.5935 3.1588132597413696
61.7252 3.024319430569434
61.8568 2.585592320714937
61.9897 2.4438748104145747
62.1213 2.398005913872649
62.253 2.335938818342898
62.3954 2.45318592557786
62.5295 2.4340304003021282
62.6599 2.376021210359699
62.7928 2.3388261554621814
62.9256 2.3113581999775983
63.0573 2.2649684873949547
63.1889 2.240600312359948
63.3218 2.3571069393228257
63.4594 2.5247391432916433
63.5911 2.636124693731008
63.7275 2.6627545724865516
63.8604 2.5727087710083993
63.9932 2.499131117632224
64.1249 2.351135766806719
64.2577 1.9671133616830883
64.4037 1.8416247189997748
64.5366 1.6342894857348986
64.6682 1.6898275537784215
64.7999 1.7288752964564864
64.9327 1.777921404157371
65.0668 1.8220869218889202
65.1996 1.9051436054913211
65.2878 2.0227849140121963
65.4195 2.348621214370534
65.5523 2.692909977549979
65.684 3.0776114029142616
65.8168 3.4250836580820008
65.9301 4.053948723973447
66.0665 4.7458507624409485
66.2006 5.426905334577922
66.353 5.6776889534884845
66.4846 5.653638518258435
66.6163 5.550459124429545
66.7057 5.64066054727008
66.8177 5.341931304118554
66.9255 4.949463631193105
67.0376 4.524786561251086
67.1453 4.178001767113088
67.2526 3.878388481072347
67.3843 3.633794096327348
67.4736 3.561287536079013
67.5749 3.3905408733902944
67.6946 3.4502928363646608
67.8263 3.646660867423372
67.9603 3.611637465403296
68.0956 3.398852778012108
68.2273 3.259339308375648
68.3589 3.0982312817258433
68.4906 2.8045974881396094
68.6234 2.3298699238578697
68.7551 1.920903394670049
68.8867 1.8043012550968245
69.0196 1.7942965294317865
69.1512 1.8815192773902436
69.2841 1.993662810479762
69.4157 2.3023002980573155
69.5618 2.4029910863742714
69.6934 2.3819263033638642
69.8263 2.562373148225626
69.9591 2.5013514927455374
70.0652 2.4636304187943945
70.1777 2.431038185907449
70.285 2.341668516873929
70.3804 2.4750176001251494
70.5156 2.8514521030395694
70.6508 3.2230944223135816
70.7837 3.5246989655029495
70.8767 3.7528985597795113
71.0035 3.793015149727988
71.1268 3.656364245993895
71.2585 3.4713103991596577
71.3913 3.294914880819129
71.5218 3.0954110451885772
71.6112 2.9543067226890707
71.7416 3.0994415283202823
71.831 3.056956718483827
71.9431 3.0610149140545984
72.052 3.2850726299694135
72.1689 3.46962488491804
72.2718 3.563672273732597
72.3923 3.3462137686193536
72.5239 3.1375770222398605
72.6121 2.7319466030195234
72.7497 2.4636304187943945
72.8814 2.1953142345692656
73.013 1.9026056699600324
73.1471 1.622093295542875
73.2776 1.5487442245254575
73.3681 1.4603883279824361
73.4974 1.5367227157360408
73.6314 1.5554321164628069
73.7631 1.642536314984724
73.8948 1.729640513506611
74.0276 1.8067569219972541
74.1593 2.10294422145768
74.3029 2.4798729257459113
74.4214 2.5613525140736986
74.537 2.8378908512394005
74.6735 3.0542220303668297
74.8175 3.136095029426829
74.9492 2.936184589304001
75.0856 2.513578300203861
75.2185 2.1344724246018267
75.3526 1.9554352188239401
75.4842 1.7597953680203036
75.6159 1.5623264081768797
75.7559 1.5236954801871123
75.85 1.524523774006461
75.9769 1.6373617667245755
76.077 1.9552264779864943
76.2402 2.2743973616111526
76.3719 2.6449254345258475
76.4827 3.100979712701636
76.6168 3.571660952757065
76.7776 3.9250110591506626
76.9081 4.071760677171333
77.0225 4.146704665297589
77.1857 3.963761812416706
77.3174 3.707230269730247
77.4187 3.524698965502859
77.5372 3.0368513578208063
77.6409 2.7319466030195234
77.757 2.6643196279894767
77.8875 2.574920654296876
77.9816 2.3700842696629243
78.1145 2.3670486992385507
78.2462 2.3082085521856963
78.3778 2.3578474457811227
78.5095 2.4166203997461957
78.6411 2.333027998983392
78.7728 2.270979381989153
78.9056 2.5294596907961524
79.0361 2.536363709058345
79.1714 2.4261993028029187
79.303 2.3051726246172293
79.4371 2.2957988287868485
79.5699 2.2555123730964475
79.7159 1.97841835954868
79.8476 1.6973431247916038
79.9441 1.7850936554515784
80.0758 1.8956801470588212
80.2002 1.993289719918751
80.304 2.341408591408567
80.4296 2.486820126904998
80.5625 2.6834952731092394
80.6941 2.9709437591168744
80.8014 3.35837692135772
80.9367 3.6600059233199254
81.0683 3.5612875360791048
81.1797 3.446691176470582
81.2893 3.4072760636672204
81.4031 3.623639232463566
81.5335 3.712571512057066
81.6217 3.6658373451815014
81.7398 3.4023593593905863
81.8427 3.309959543832853
81.9632 3.1179896181135383
82.0936 3.0014009739373
82.183 2.92267633779494
82.3135 2.6849747342651296
82.4451 2.3081039876137734
82.5768 2.2524633533288076
82.7072 2.020046795685277
82.8628 1.731859007271341
83.0368 1.5025830450858686
83.1261 1.2927961603574776
83.2578 1.1950939685314574
83.3906 1.231815209397198
83.4907 1.3189455730324504
83.6104 1.5121074359769966
83.7421 1.781836136866288
83.875 1.9313608476522697
84.0549 1.9979654672145004
84.1878 2.0076538705583733
84.3206 1.992563735637053
84.4523 1.7597953680203036
84.5851 1.5222691893376241
84.7204 1.6393825206159558
84.8544 1.8564258406556393
84.9861 2.227711008786767
85.1189 2.2865009597536523
85.2506 2.363848903768146
85.3834 2.6983095214624018
85.5151 3.0320824143196208
85.6467 3.2147812818986337
85.7832 3.0238737309644774
85.9172 2.7811924258832543
86.0489 2.772262588712387
86.1817 2.772574921135621
86.3134 2.759886416441384
86.445 2.7143567908111548
86.5767 3.0074098618621012
86.7167 3.3205868153089932
86.8472 3.465328235890527
86.986 3.540804051029512
87.1189 3.314681633422743
87.2505 3.0817706296099474
87.3834 2.860447483657408
87.5138 2.666815669700881
87.6032 2.7808795456462763
87.7444 2.849303710067905
87.8832 2.7270159971894543
88.0137 2.6239667619977682
88.1466 2.558946370361082
88.2782 2.452305385044645
88.4111 2.350802407221664
88.5415 2.2651000344073813
88.6321 2.397736141579506
88.7626 2.345746379897758
88.8919 2.3112016182908746
89.0235 2.2270429407242878
89.1552 2.151729033819193
89.288 2.0769052143833244
89.4245 1.828981012882224
89.5609 1.5841500506927846
89.6938 1.5181646549545147
89.8254 1.6763610737125565
89.9583 1.8242752860989593
90.0983 1.9784183595486975
