1.0884 0.07065811914277838
1.09079 0.13533164408788614
1.29079 0.14376790702053346
1.53228 0.19202307362907697
1.77496 0.2880358690427639
2.01644 0.40810464246405737
2.25793 0.6045994703171216
2.49941 0.87811897092262
2.7421 1.3301188346976678
2.98478 2.0069797962021902
3.22626 3.002965904174232
3.47373 4.5274771689887
3.73308 6.684143595730413
3.98527 7.149824842576902
3.99961 8.312015236462935
4.2267 8.434683718918038
4.29363 9.192077219904766
4.47052 9.192049763920473
4.57211 9.19204976392047
4.67371 9.191947764899915
4.7753 9.192049763920473
4.87689 9.19204976392047
4.97848 9.19204976392047
5.08007 9.11890347932694
5.18166 9.082330337030175
5.28445 9.045757194733412
5.38604 9.033566147301155
5.48764 9.033566147301155
5.58923 9.033566147301155
5.69082 9.033566147301155
5.79241 9.033566147301155
5.894 9.033566147301155
5.9956 9.106712431894687
6.09719 9.14328557419145
6.19878 9.179858716488216
6.30037 9.19204976392047
6.40196 9.19204976392047
6.50355 9.19204976392047
6.60515 9.19204976392047
6.70674 9.19204976392047
6.80833 9.19204976392047
6.90992 9.192049763920473
7.01151 9.19204976392047
7.11311 9.19204976392047
7.2147 9.19204976392047
7.31629 9.19204976392047
7.41788 9.19204976392047
7.51947 9.19204976392047
7.62107 9.192049763920473
7.72266 9.19204976392047
7.82425 9.19204976392047
7.92584 9.19204976392047
8.02743 9.19204976392047
8.12903 9.19204976392047
8.23062 9.19204976392047
8.33221 9.19204976392047
8.4338 9.19204976392047
8.53539 9.192049763920473
8.63698 9.192049763920473
8.73858 9.19204976392047
8.84017 9.19204976392047
8.94176 9.19204976392047
9.04335 9.19204976392047
9.14494 9.19204976392047
9.24654 9.19204976392047
9.34813 9.19204976392047
9.44972 9.19204976392047
9.55131 9.19204976392047
9.6529 9.19204976392047
9.7545 9.19204976392047
9.85609 9.19204976392047
9.95768 9.19204976392047
10.0581 9.19179240022317
10.1597 9.19169027146607
10.2613 9.191690271466072
10.3629 9.191588144978644
10.4656 9.192457782642117
10.5672 9.192355774565835
10.6688 9.192253768753611
10.7704 9.192253768753606
10.872 9.192151765205354
10.9724 9.191894531249998
11.074 9.191894531249998
11.1756 9.191894531250002
11.2772 9.191894531249998
11.38 9.191894531249998
11.4816 9.191894531249998
11.5832 9.191894531249998
11.6859 9.192865837587336
11.7875 9.191894531249998
11.8891 9.191894531250002
11.9907 9.191894531249998
12.0923 9.191894531249998
12.1939 9.191894531250002
12.2955 9.191894531249998
12.3983 9.191894531249998
12.4999 9.191894531249998
12.6015 9.191894531249998
12.7031 9.191894531250002
12.8058 9.192865837587336
12.9074 9.192865837587334
13.0078 9.191894531249998
13.1094 9.191894531249998
13.211 9.191894531249998
13.3126 9.191894531249998
13.4142 9.191894531250002
13.5158 9.191894531249998
13.6186 9.191894531249998
13.7214 9.191894531250002
13.823 9.191894531249998
13.9245 9.192915966357504
14.0273 9.192865837587336
14.1277 9.191894531249998
14.2293 9.191894531249998
14.3309 9.191894531249998
14.4325 9.191894531250002
14.5341 9.191894531249998
14.6369 9.191894531249998
14.7397 9.191894531250002
14.8413 9.191894531249998
14.9429 9.191894531249998
15.0444 9.192915966357505
15.1472 9.192865837587336
15.2488 9.191894531250002
15.3504 9.191894531249998
15.4532 9.191894531249998
15.556 9.191894531250002
15.6576 9.191894531249998
15.7604 9.191894531249998
15.8632 9.191894531249998
15.9647 9.192915966357504
16.0675 9.192865837587336
16.1691 9.191894531249998
16.2707 9.191894531249998
16.3735 9.191845768142468
16.4739 9.191894531249998
16.5755 9.191894531249998
16.6783 9.191845768142468
16.7787 9.191894531249998
16.8803 9.191894531250002
16.9831 9.191845768142468
17.0847 9.191894531249998
17.1874 9.192865837587336
17.289 9.19286583758733
17.3894 9.191894531250002
17.4922 9.191845768142468
17.5938 9.191894531249998
17.6966 9.191845768142468
17.7982 9.191894531249998
17.901 9.191845768142468
18.0026 9.191845768142468
18.103 9.191894531249998
18.2057 9.192865837587336
18.3073 9.19286583758733
18.4089 9.192865837587336
18.5105 9.191845768142468
18.6121 9.191894531249998
18.7149 9.191845768142468
18.8165 9.191894531249998
18.9193 9.191845768142468
19.0209 9.191845768142468
19.1213 9.191894531249998
19.2241 9.191845768142468
19.3256 9.192915966357498
19.4284 9.192865837587336
19.53 9.191894531249998
19.6316 9.191894531250002
19.7344 9.191845768142468
19.8348 9.191894531249998
19.9376 9.191845768142468
20.0392 9.191845768142468
20.1396 9.191894531249998
20.2424 9.191845768142468
20.344 9.191894531249998
20.4456 9.191894531250002
20.5483 9.192865837587336
20.6499 9.192865837587336
20.7515 9.191845768142468
20.8531 9.191894531249998
20.9559 9.191845768142468
21.0575 9.191845768142468
21.1579 9.191894531249998
21.2607 9.191845768142468
21.3623 9.191894531249998
21.4639 9.191894531250002
21.5666 9.192865837587336
21.6682 9.192865837587336
21.7698 9.192865837587336
21.8714 9.191894531249998
21.973 9.191894531250002
22.0758 9.191845768142468
22.1762 9.191894531249998
22.279 9.191845768142468
22.3806 9.191894531249998
22.4822 9.191894531250002
22.585 9.191845768142468
22.6854 9.191894531249998
22.7881 9.192865837587336
22.8897 9.192865837587336
22.9901 9.191894531249998
23.0929 9.191845768142468
23.1945 9.191894531249998
23.2973 9.191845768142468
23.3989 9.191894531249998
23.5005 9.191894531250002
23.6033 9.191845768142468
23.7037 9.191894531249998
23.8065 9.191845768142468
23.908 9.192865837587336
24.0096 9.192865837587336
24.1112 9.191845768142468
24.2128 9.191894531249998
24.3156 9.191845768142468
24.4172 9.191894531249998
24.5188 9.191894531250002
24.6216 9.191845768142468
24.722 9.191894531249998
24.8248 9.191845768142468
24.9264 9.191845768142468
25.0267 9.192915966357498
25.1295 9.192865837587336
25.2491 8.581542968750002
25.3519 8.582306924101221
25.4906 7.970305816714869
25.5922 7.970305816714871
25.7321 7.371408784159058
25.8337 7.359204464979981
25.9736 6.7733971443845595
26.0752 6.7611928252054945
26.2163 6.797805782742702
26.3179 6.784847759080383
26.4578 6.833659613462264
26.5593 6.822214421100845
26.7004 6.883236016996207
26.802 6.871031697817136
26.9419 6.932053293712486
27.0435 6.919848974533415
27.1846 6.9808705704287775
27.2862 6.9686662512497
27.4261 7.029687847145056
27.5277 7.017483527965991
27.6688 7.0785051238613415
27.7704 7.066300804682276
27.9103 7.12653073975351
28.0118 7.115118081398555
28.1529 7.176139677293918
28.2545 7.16393535811484
28.3944 7.224956954010197
28.496 7.212752634831132
28.6371 7.273774230726482
28.7387 7.261569911547411
28.8786 7.322591507442773
28.9802 7.310387188263696
29.1213 7.371408784159052
29.2229 7.359204464979987
29.3628 7.4194018660447485
29.4643 7.408021741696266
29.6054 7.4690433375916285
29.707 7.456839018412551
29.8469 7.517860614307907
29.9485 7.505656295128842
30.0501 7.945894466587105
30.1518 7.553634465594903
30.2211 7.9122014070679505
30.3634 7.603290848561413
30.465 7.952227747037227
30.606 7.6521081252776915
30.7076 7.9921426318308155
30.8475 7.700925401993977
30.9491 7.700925401993977
31.0579 7.761946997889333
31.1595 7.749742678710262
31.2611 8.128979592545335
31.3628 7.798559955426547
31.4381 8.111223191074599
31.5744 7.847377232142832
31.676 7.847377232142838
31.7836 7.9083988280381945
31.8852 7.896194508859117
31.9868 8.237915445873119
32.0884 7.945011785575402
32.1673 8.229317235502347
32.3 7.993829062291693
32.4016 7.993829062291687
32.5104 8.05485065818705
32.612 8.042646339007973
32.7136 8.34868174369521
32.8153 8.091463615724258
32.8977 8.347393475676222
33.0269 8.140280892440549
33.1285 8.14028089244054
33.2361 8.201302488335905
33.3377 8.189098169156834
33.4393 8.457593191096393
33.5409 8.237915445873119
33.627 8.46259441330017
33.7525 8.286732722589404
33.8541 8.286732722589395
33.963 8.34682709930036
34.0645 8.33554999930568
34.1661 8.568383894845082
34.2678 8.384367276021974
34.3574 8.57877633766191
34.4794 8.43318455273826
34.581 8.43318455273825
34.6886 8.494206148633616
34.7902 8.482001829454545
34.8918 8.677270936319676
34.9934 8.53081910617083
35.0867 8.692069450339545
35.205 8.579636382887115
35.3066 8.579636382887106
35.4155 8.639698225591605
35.517 8.628453659603391
35.6186 8.788086045994957
35.7203 8.677270936319676
35.8171 8.806402814966134
35.9319 8.72608821303597
36.0335 8.72608821303597
36.1411 8.787109808931326
36.2427 8.774905489752255
36.3443 8.896948681542968
36.4459 8.823722766468531
36.5463 8.918835879603597
36.6575 8.872540043184825
36.7591 8.872540043184825
36.8607 8.971171171953186
36.9624 8.921357319901102
37.064 9.00678755415461
37.1656 8.970174596617396
37.2672 8.970174596617387
37.3688 9.01899187333368
37.4704 9.01899187333368
37.572 9.081022247528123
37.6737 9.067809150049966
37.7753 9.116626426766251
37.8769 9.116626426766251
37.9785 9.116626426766251
38.0801 9.154256297911415
38.1817 9.153239384303465
38.2833 9.178667648039202
38.3849 9.178667648039179
38.4865 9.178667648039179
38.5881 9.190873323103084
38.6897 9.19087332310306
38.7912 9.192915966357498
38.894 9.192865837587336
38.9956 9.191845768142462
39.0972 9.191845768142462
39.1988 9.191845768142544
39.3004 9.191845768142462
39.402 9.191845768142462
39.5036 9.191845768142544
39.6052 9.191845768142462
39.7068 9.191845768142462
39.8084 9.191845768142544
39.9088 9.191894531250002
40.0115 9.192865837587336
40.1131 9.192865837587336
40.2147 9.191894531250002
40.3175 9.191845768142462
40.4191 9.191894531250002
40.5219 9.191845768142462
40.6235 9.191894531250002
40.7263 9.191845768142462
40.8279 9.191894531250002
40.9307 9.191845768142462
41.0322 9.192865837587336
41.1338 9.192865837587336
41.2354 9.191845768142544
41.337 9.191845768142462
41.4386 9.191845768142462
41.5402 9.191845768142544
41.6418 9.191845768142462
41.7434 9.191845768142462
41.845 9.191845768142544
41.9454 9.191894531250002
42.0482 9.191845768142462
42.1498 9.191845768142544
42.2502 9.191894531250002
42.3529 9.192865837587336
42.4545 9.192865837587336
42.5561 9.191894531250002
42.6589 9.191845768142462
42.7605 9.191894531250002
42.8633 9.191845768142462
42.9649 9.191894531250002
43.0677 9.191845768142462
43.1693 9.191894531250002
43.272 9.192865837587336
43.3736 9.192865837587325
43.4752 9.192865837587336
43.5768 9.191845768142544
43.6784 9.191845768142462
43.78 9.191845768142462
43.8816 9.191845768142544
43.9832 9.191845768142544
44.0848 9.191845768142462
44.1864 9.191845768142544
44.2868 9.191894531250002
44.3896 9.191845768142462
44.4912 9.191845768142544
44.5915 9.192915966357498
44.6943 9.192865837587336
44.7959 9.191845768142462
44.8975 9.191845768142462
44.9991 9.191845768142544
45.1007 9.191845768142462
45.2023 9.191845768142462
45.3039 9.191845768142544
45.4055 9.191845768142462
45.5071 9.191845768142462
45.6087 9.191845768142544
45.7091 9.191894531250002
45.8118 9.192865837587336
45.9134 9.192865837587336
46.015 9.191894531250002
46.1178 9.191845768142462
46.2194 9.191894531250002
46.3222 9.191845768142462
46.4238 9.191894531250002
46.5266 9.191845768142462
46.6282 9.191894531250002
46.731 9.191845768142462
46.8325 9.192915966357498
46.9353 9.192865837587336
47.0369 9.191845768142462
47.1385 9.191894531250002
47.2413 9.191845768142462
47.3429 9.191894531250002
47.4457 9.191845768142462
47.5473 9.191894531250002
47.6501 9.191845768142462
47.7517 9.191894531250002
47.8544 9.192865837587336
47.956 9.192865837587336
48.0576 9.191845768142462
48.1592 9.191845768142544
48.2608 9.191845768142462
48.3624 9.191845768142462
48.464 9.191845768142544
48.5656 9.191845768142462
48.6672 9.191845768142462
48.7688 9.191845768142544
48.8704 9.191845768142544
48.972 9.191845768142462
49.0735 9.192865837587336
49.1751 9.192865837587336
49.2767 9.191845768142544
49.3783 9.191845768142462
49.4799 9.191894531250002
49.5827 9.191845768142462
49.6843 9.191894531250002
49.7871 9.191845768142462
49.8887 9.191894531250002
49.9915 9.191845768142462
50.093 9.192915966357498
50.1958 9.192865837587336
50.2974 9.191845768142462
50.399 9.191845768142462
50.5006 9.191845768142544
50.6022 9.191845768142462
50.7038 9.191845768142462
50.8054 9.191845768142544
50.907 9.191845768142544
51.0086 9.191845768142462
51.1102 9.191845768142544
51.2106 9.191894531250002
51.3133 9.192865837587336
51.4149 9.192865837587336
51.5165 9.192865837587336
51.6181 9.191845768142544
51.7197 9.191845768142462
51.8213 9.191845768142462
51.9229 9.191845768142544
52.0245 9.191845768142462
52.1261 9.191845768142462
52.2277 9.191845768142544
52.3293 9.191845768142462
52.4309 9.191845768142462
52.5324 9.192865837587336
52.6328 9.192915966357498
52.7356 9.192865837587336
52.8372 9.191845768142462
52.9388 9.191894531250002
53.0416 9.191845768142462
53.1432 9.191894531250002
53.246 9.191845768142462
53.3476 9.191894531250002
53.4504 9.191845768142462
53.552 9.191894531250002
53.6547 9.192865837587336
53.7563 9.192865837587336
53.8579 9.191845768142462
53.9595 9.191845768142544
54.0611 9.191845768142462
54.1627 9.191845768142462
54.2643 9.191845768142544
54.3659 9.191845768142462
54.4675 9.191845768142462
54.5691 9.191845768142544
54.6707 9.191845768142544
54.7723 9.191845768142462
54.8738 9.192865837587336
54.9754 9.192865837587336
55.077 9.191845768142544
55.1786 9.191845768142462
55.2802 9.191894531250002
55.383 9.191845768142462
55.4846 9.191894531250002
55.5874 9.191845768142462
55.689 9.191894531250002
55.7918 9.191845768142462
55.8933 9.192915966357498
55.9961 9.192865837587336
56.0977 9.191845768142462
56.1993 9.191845768142462
56.3009 9.191845768142544
56.4025 9.191845768142462
56.5041 9.191845768142462
56.6057 9.191845768142544
56.7073 9.191845768142544
56.8089 9.191845768142462
56.9105 9.191845768142544
57.0109 9.191894531250002
57.1136 9.192865837587336
57.2152 9.192865837587336
57.3168 9.192865837587336
57.4184 9.191845768142544
57.52 9.191845768142462
57.6216 9.191845768142462
57.7232 9.191845768142544
57.8248 9.191845768142462
57.9264 9.191845768142462
58.028 9.191845768142544
58.1296 9.191845768142462
58.2312 9.191845768142462
58.3328 9.191845768142544
58.4331 9.192915966357498
58.5359 9.192865837587336
58.6375 9.191845768142462
58.7391 9.191894531250002
58.8419 9.191845768142462
58.9435 9.191894531250002
59.0463 9.191845768142462
59.1479 9.191894531250002
59.2507 9.191845768142462
59.3523 9.191894531250002
59.455 9.192865837587336
59.5566 9.192865837587336
59.6582 9.191845768142462
59.7598 9.191845768142544
59.8614 9.191845768142462
59.963 9.191845768142462
60.0646 9.191845768142544
60.1662 9.191845768142462
60.2678 9.191845768142462
60.3694 9.191845768142544
60.471 9.191845768142544
60.5726 9.191845768142462
60.6741 9.192865837587336
60.7757 9.192865837587336
60.8773 9.191845768142544
60.9789 9.191845768142462
61.0805 9.191894531250002
61.1833 9.191845768142462
61.2849 9.191894531250002
61.3877 9.191845768142462
61.4893 9.191894531250002
61.5921 9.191845768142462
61.6937 9.191894531250002
61.7964 9.192865837587336
61.898 9.191845768142462
61.9996 9.191845768142462
62.1012 9.191845768142544
62.2028 9.191845768142462
62.3044 9.191845768142462
62.406 9.191845768142544
62.5076 9.191845768142544
62.6092 9.191845768142462
62.7108 9.191845768142544
62.8112 9.191894531250002
62.9139 9.192865837587336
63.0155 9.192865837587336
63.1171 9.192865837587336
63.2187 9.191845768142544
63.3203 9.191845768142462
63.4219 9.191845768142462
63.5235 9.191845768142544
63.6251 9.191845768142462
63.7267 9.191845768142462
63.8283 9.191845768142544
63.9299 9.191845768142462
64.0315 9.191845768142544
64.1319 9.191894531250002
64.2346 9.192865837587336
64.3362 9.192865837587325
64.4378 9.191845768142544
64.5382 9.191894531249991
64.641 9.191845768142462
64.7426 9.191845768142544
64.843 9.191894531249991
64.9458 9.191845768142462
65.0462 9.191894531249991
65.1478 9.191894531249991
65.2506 9.191845768142462
65.351 9.191894531249991
65.4526 9.191894531249991
65.5553 9.192865837587336
65.6569 9.192865837587336
65.7573 9.191894531249991
65.8601 9.191894531249991
65.9629 9.191845768142462
66.0633 9.191894531250028
66.1649 9.191894531249991
66.2677 9.191845768142462
66.3681 9.191894531250028
66.4697 9.191894531249991
66.5725 9.191845768142462
66.6728 9.192915966357607
66.7756 9.192865837587336
66.8772 9.191894531249991
66.98 9.191894531249991
67.0828 9.191845768142462
67.1832 9.191894531249991
67.2848 9.191894531249991
67.3876 9.191845768142462
67.488 9.191894531249991
67.5908 9.191894531249991
67.6935 9.192915966357498
67.7963 9.192865837587336
67.8979 9.191845768142462
67.9983 9.191894531249991
68.1011 9.191894531249991
68.2039 9.191845768142462
68.3043 9.191894531250028
68.4059 9.191894531249991
68.5087 9.191845768142462
68.6091 9.191894531250028
68.7107 9.191894531249991
68.8135 9.191845768142462
68.9138 9.192915966357607
69.0166 9.192865837587336
69.1182 9.191894531249991
69.221 9.191894531249991
69.3238 9.191845768142462
69.4242 9.191894531249991
69.5258 9.191894531249991
69.6286 9.191845768142462
69.729 9.191894531249991
69.8306 9.191894531249991
69.9334 9.191845768142462
70.0337 9.192915966357498
70.1365 9.192865837587336
70.2381 9.191894531249991
70.3409 9.191845768142462
70.4772 8.581542968750028
70.5788 8.581542968749991
70.7187 7.970305816714891
70.8203 7.970305816714787
70.9602 7.371408784159058
71.0618 7.359204464979987
71.2017 6.773397144384566
71.3033 6.7611928252054945
71.4444 6.797805782742708
71.546 6.785601463563602
71.6859 6.834418740279922
71.7875 6.821456649866824
71.9286 6.882471467844131
72.0301 6.871031697817136
72.17 6.932053293712492
72.2716 6.919848974533386
72.4127 6.9808705704287775
72.5143 6.9686662512496715
72.6542 7.029687847145063
72.7558 7.017483527965991
72.8969 7.078505123861348
72.9985 7.066300804682242
73.1384 7.127322400577633
73.24 7.1151180813985615
73.3811 7.175342594135377
73.4826 7.163935358114847
73.6225 7.224956954010203
73.7241 7.212752634831097
73.8652 7.273774230726488
73.9668 7.261569911547382
74.1067 7.322591507442773
74.2083 7.310387188263702
74.3494 7.371408784159058
74.451 7.359204464979987
74.5909 7.420226060875343
74.6925 7.408021741696272
74.8336 7.468213720426623
74.9351 7.456839018412523
75.075 7.517860614307914
75.1766 7.505656295128842
75.2782 7.945894466587127
75.3799 7.554473571845093
75.4492 7.912201407067922
75.5915 7.603290848561413
75.6931 7.952227747037253
75.8342 7.651258174358651
75.9357 7.9921426318308235
76.0756 7.700925401993983
76.1772 7.700925401993983
76.2861 7.761084846717869
76.3876 7.749742678710233
76.4892 8.128979592545356
76.5909 7.798559955426553
76.6662 8.111223191074599
76.8025 7.847377232142838
76.9041 7.847377232142838
77.0117 7.9083988280381945
77.1133 7.896194508859123
77.2149 8.237915445873119
77.3165 7.945011785575408
77.3954 8.230264222526024
77.5281 7.993829062291693
77.6297 7.993829062291693
77.7386 8.053955973009113
77.8401 8.042646339007943
77.9417 8.34868174369523
78.0434 8.091463615724228
78.1259 8.34643697361635
78.255 8.140280892440549
78.3566 8.140280892440549
78.4642 8.20130248833587
78.5658 8.189098169156834
78.6674 8.457593191096402
78.769 8.237915445873083
78.8551 8.46356024238184
78.9806 8.286732722589404
79.0822 8.286732722589404
79.1911 8.34682709930036
79.2926 8.33554999930569
79.3942 8.568383894845105
79.4959 8.384367276021939
79.5855 8.578776337661884
79.7075 8.43318455273826
79.8091 8.43318455273826
79.9167 8.49420614863358
80.0183 8.482001829454545
80.1199 8.677270936319685
80.2215 8.530819106170794
80.3148 8.693053383942498
80.4331 8.579636382887115
80.5347 8.579636382887115
80.6436 8.639698225591605
80.7452 8.627495261996136
80.8467 8.78808604599498
80.9484 8.67727093631965
81.0452 8.806402814966134
81.16 8.72608821303597
81.2616 8.72608821303597
81.3692 8.787109808931291
81.4708 8.774905489752255
81.5724 8.896948681542968
81.674 8.823722766468505
81.7744 8.91983743332377
81.8856 8.872540043184825
81.9872 8.872540043184825
82.0888 8.971171171953104
82.1905 8.92135731990111
82.2921 9.00678755415461
82.3937 8.970174596617396
82.4953 8.970174596617396
82.597 9.01899187333368
82.6986 9.01799009705113
82.8001 9.081022247528146
82.9018 9.067809150049966
83.0034 9.116626426766251
83.105 9.116626426766251
83.2066 9.116626426766251
83.3082 9.154256297911438
83.4098 9.154256297911333
83.5114 9.178667648039202
83.613 9.178667648039202
83.7146 9.178667648039097
83.8162 9.190873323103084
83.9178 9.190873323103084
84.0206 9.191894531249991
84.1233 9.192865837587336
84.2249 9.192865837587336
84.3253 9.191894531249991
84.4269 9.191894531249991
84.5297 9.191845768142462
84.6301 9.191894531249991
84.7317 9.191894531249991
84.8345 9.191845768142462
84.9349 9.191894531249991
85.0365 9.191894531249991
85.1393 9.191845768142462
85.2397 9.191894531249991
85.3412 9.192915966357498
85.444 9.192865837587336
85.5456 9.191845768142569
85.646 9.191894531249991
85.7488 9.191894531249991
85.8516 9.191845768142462
85.952 9.191894531250028
86.0536 9.191894531249991
86.1564 9.191845768142462
86.2568 9.191894531250028
86.3584 9.191894531249991
86.4612 9.191845768142462
86.5615 9.192915966357607
86.6643 9.192865837587336
86.7659 9.191894531249991
86.8687 9.191894531249991
86.9715 9.191845768142462
87.0719 9.191894531249991
87.1735 9.191894531249991
87.2763 9.191845768142462
87.3767 9.191894531249991
87.4795 9.191894531249991
87.5822 9.192915966357498
87.685 9.192865837587336
87.7866 9.191845768142462
87.887 9.191894531249991
87.9898 9.191894531249991
88.0926 9.191845768142462
88.193 9.191894531250028
88.2946 9.191894531249991
88.3974 9.191845768142462
88.4978 9.191894531250028
88.5994 9.191894531249991
88.7021 9.192865837587336
