0.120056 0
0.360163 0
0.36155 1440
0.603036 1440
0.604231 1440
0.845717 1440
0.846912 1440
0.848108 1440
1.0884 1440
1.08959 1440
1.09079 1440
1.28959 1440
1.29079 1440
1.33108 1440
1.33228 1440
1.33347 1440
1.53108 1440
1.53228 1440
1.53347 1440
1.57257 1440
1.57376 1440
1.57496 1440
1.57615 1440
1.57735 1440
1.57854 1440
1.77376 1440
1.77496 1440
1.77615 1440
1.81405 1440
1.81525 1440
1.81644 1440
1.81764 1440
1.81883 1440
1.82003 1440
1.82122 1440
1.82242 1440
1.82361 1440
2.01525 1440
2.01644 1440
2.01764 1440
2.01883 1440
2.02003 1440
2.02122 1440
2.05673 1440
2.05793 1440
2.05912 1440
2.06032 1440
2.06151 1440
2.06271 1440
2.0639 1440
2.0651 1440
2.06629 1440
2.06749 1440
2.06869 1440
2.06988 1440
2.25673 1440
2.25793 1440
2.25912 1440
2.26032 1440
2.26151 1440
2.26271 1440
2.2639 1440
2.2651 1440
2.26629 1440
2.29822 1440
2.29941 1440
2.30061 1440
2.3018 1440
2.3042 1440
2.30539 1440
2.30659 1440
2.30778 1440
2.30898 1440
2.31017 1440
2.31137 1440
2.31256 1440
2.31495 1440
2.31615 1440
2.31734 1440
2.31854 1440
2.49822 1440
2.49941 1440
2.50061 1440
2.5018 1440
2.503 1440
2.5042 1440
2.50539 1440
2.50659 1440
2.50778 1440
2.50898 1440
2.51017 1440
2.51137 1440
2.51256 1440
2.51376 1440
2.51495 1440
2.5409 1440
2.5421 1440
2.54329 1440
2.54449 1440
2.54568 1440
2.54688 1440
2.54807 1440
2.54927 1440
2.55046 1440
2.74928 1440
2.75048 1440
2.75167 1440
2.75287 1440
2.75406 1440
2.75526 1440
2.75645 1440
2.7824 1440
2.7836 1440
2.78479 1440
2.78599 1440
2.78718 1440
2.78838 1440
2.78957 1440
2.79077 1440
2.79316 1440
2.99077 1440
2.99316 1440
2.99435 1440
2.99555 1440
2.99674 1440
2.99794 1440
2.99913 1440
3.02508 1440
3.02628 1440
3.02747 1440
3.02867 1440
3.02986 1440
3.03106 1440
3.03225 1440
3.03345 1440
3.23225 1440
3.23345 1440
3.23464 1440
3.23584 1440
3.23704 1440
3.23823 1440
3.23943 1440
3.24062 1440
3.24182 1440
3.26776 1440
3.26896 1440
3.27015 1440
3.27135 1440
3.27255 1440
3.27374 1440
3.27494 1440
3.27613 1440
3.47494 1440
3.47613 1440
3.47733 1440
3.47852 1440
3.47972 1440
3.48091 1440
3.48211 1440
3.4833 1440
3.4845 1440
3.50925 1440
3.51045 1440
3.51164 1440
3.51284 1440
3.51403 1440
3.51523 1440
3.51642 1440
3.51762 1440
3.71642 1440
3.71762 1440
3.71881 1440
3.72001 1440
3.7212 1440
3.7224 1440
3.72359 1440
3.72479 1440
3.72598 1440
3.72718 1440
3.72837 1440
3.75193 1440
3.75313 1440
3.75432 1440
3.75552 1440
3.7591 1440
3.7603 1440
3.76149 1440
3.76269 1440
3.9591 1440
3.9603 1440
3.96149 1440
3.96269 1440
3.96388 1440
3.96508 1440
3.96627 1440
3.96747 1440
3.96866 1440
3.96986 1440
3.97106 1440
3.99342 1440
3.99461 1440
3.99581 1440
3.997 1440
4.00059 1440
4.00178 1440
4.00298 1440
4.00417 1440
4.20059 1440
4.20178 1440
4.20298 1440
4.20417 1440
4.20537 1440
4.20657 1440
4.20776 1440
4.20896 1440
4.21015 1440
4.21135 1440
4.21254 1440
4.21374 1440
4.21493 1440
4.2361 1440
4.23729 1440
4.23849 1440
4.23968 1440
4.24327 1440
4.24447 1440
4.24566 1440
4.24686 1440
4.44327 1440
4.44447 1440
4.44566 1440
4.44686 1440
4.44805 1440
4.44925 1440
4.45044 1440
4.45164 1440
4.45283 1440
4.45403 1440
4.45522 1440
4.45642 1440
4.45761 1440
4.47759 1440
4.47878 1440
4.47998 1440
4.48117 1440
4.48476 1440
4.48595 1440
4.48715 1440
4.48834 1440
4.68476 1440
4.68595 1440
4.68715 1440
4.68834 1440
4.68954 1440
4.69073 1440
4.69193 1440
4.69312 1440
4.69432 1440
4.69551 1440
4.69671 1440
4.6979 1440
4.6991 1440
4.70029 1440
4.70149 1440
4.72027 1440
4.72146 1440
4.72266 1440
4.72385 1440
4.72744 1440
4.72863 1440
4.72983 1440
4.73102 1440
4.92744 1440
4.92863 1440
4.93102 1440
4.93222 1440
4.93341 1440
4.93461 1440
4.9358 1440
4.937 1440
4.93819 1440
4.93939 1440
4.94059 1440
4.94178 1440
4.94298 1440
4.94417 1440
4.96175 1440
4.96295 1440
4.96414 1440
4.96534 1440
4.96892 1440
4.97012 1440
4.97131 1440
4.97251 1440
5.16892 1440
5.17012 1440
5.17252 1440
5.17371 1440
5.17491 1440
5.1761 1440
5.20683 1440
5.21042 1440
5.21161 1440
5.21281 1440
5.214 1440
5.41042 1440
5.41161 1440
5.41401 1440
5.41521 1440
5.4164 1440
5.4176 1440
5.4519 1440
5.4531 1440
5.45429 1440
5.45549 1440
5.45668 1440
5.6519 1440
5.6531 1440
5.6555 1440
5.65669 1440
5.65789 1440
5.65908 1440
5.66028 1440
5.69339 1440
5.69459 1440
5.69578 1440
5.69698 1440
5.69817 1440
5.69937 1440
5.89459 1440
5.89578 1440
5.89818 1440
5.89937 1440
5.90057 1440
5.90176 1440
5.93488 1440
5.93607 1440
5.93727 1440
5.93846 1440
5.93966 1440
5.94085 1440
5.94205 1440
6.13607 1440
6.13966 1440
6.14086 1440
6.14205 1440
6.14325 1440
6.17636 1440
6.17756 1440
6.17875 1440
6.17995 1440
6.18114 1440
6.18234 1440
6.18353 1440
6.18473 1440
6.18592 1440
6.38116 1440
6.38235 1440
6.38355 1440
6.38474 1440
6.42622 1440
6.42742 1440
6.62265 1440
6.62385 1440
6.62504 1440
6.62624 1440
6.6689 1440
6.6701 1440
6.67129 1440
6.86533 1440
6.86653 1440
6.86772 1440
6.86892 1440
6.91158 1440
6.91278 1440
6.91398 1440
7.10682 1440
7.10801 1440
7.10921 1440
7.1104 1440
7.15307 1440
7.15427 1440
7.15546 1440
7.15666 1440
7.15785 1440
7.3495 1440
7.3507 1440
7.35189 1440
7.35309 1440
7.39575 1440
7.39695 1440
7.39814 1440
7.39934 1440
7.40053 1440
7.59099 1440
7.59218 1440
7.59338 1440
7.59457 1440
7.63724 1440
7.63843 1440
7.63963 1440
7.64082 1440
7.64202 1440
7.64321 1440
7.64441 1440
7.83367 1440
7.83486 1440
7.83606 1440
7.83725 1440
7.87992 1440
7.88111 1440
7.88231 1440
7.8835 1440
7.8847 1440
7.8859 1440
8.07515 1440
8.07635 1440
8.07754 1440
8.07874 1440
8.07993 1440
8.12141 1440
8.1226 1440
8.1238 1440
8.12499 1440
8.12619 1440
8.31664 1440
8.31784 1440
8.31903 1440
8.32023 1440
8.32142 1440
8.32262 1440
8.32381 1440
8.36409 1440
8.36528 1440
8.36648 1440
8.36767 1440
8.55813 1440
8.55933 1440
8.56052 1440
8.56172 1440
8.60917 1440
8.79963 1440
8.80082 1440
8.80202 1440
8.80321 1440
9.04111 1440
9.04231 1440
9.0435 1440
9.0447 1440
9.04589 1440
9.04709 1440
9.2447 1440
9.28379 1440
9.28499 1440
9.28619 1440
9.28738 1440
9.28858 1440
9.28977 1440
9.29097 1440
9.52528 1440
9.52648 1440
9.52767 1440
9.52887 1440
9.53006 1440
9.53126 1440
9.53245 1440
9.53365 1440
9.53484 1440
9.76796 1440
9.76916 1440
9.77035 1440
9.77155 1440
9.77274 1440
9.77394 1440
9.77513 1440
9.77633 1440
9.77752 1440
9.97633 1440
10.0106 1440
10.0118 1440
10.013 1440
10.0142 1440
10.0154 1440
10.0166 1440
10.0178 1440
10.019 1440
10.2178 1440
10.219 1440
10.2202 1440
10.2533 1440
10.2545 1440
10.2557 1440
10.2569 1440
10.2581 1440
10.2593 1440
10.2605 1440
10.2617 1440
10.4605 1440
10.4617 1440
10.4629 1440
10.4948 1440
10.496 1440
10.4972 1440
10.4984 1440
10.4996 1440
10.5008 1440
10.502 1440
10.5032 1440
10.702 1440
10.7032 1440
10.7044 1440
10.7056 1440
10.7068 1440
10.7375 1440
10.7387 1440
10.7399 1440
10.7411 1440
10.7423 1440
10.7435 1440
10.7447 1440
10.7459 1440
10.9447 1440
10.9459 1440
10.9471 1440
10.9482 1440
10.979 1440
10.9802 1440
10.9814 1440
10.9826 1440
10.9838 1440
10.985 1440
10.9861 1440
10.9873 1440
10.9885 1440
11.1861 1440
11.1873 1440
11.1885 1440
11.1897 1440
11.2205 1440
11.2217 1440
11.2229 1440
11.224 1440
11.2252 1440
11.2264 1440
11.2276 1440
11.2288 1440
11.23 1440
11.2312 1440
11.2324 1440
11.4288 1440
11.43 1440
11.4312 1440
11.4324 1440
11.4631 1440
11.4643 1440
11.4655 1440
11.4667 1440
11.4679 1440
11.4691 1440
11.4703 1440
11.4715 1440
11.4727 1440
11.4739 1440
11.4751 1440
11.6703 1440
11.6715 1440
11.6727 1440
11.6739 1440
11.7046 1440
11.7058 1440
11.707 1440
11.7082 1440
11.7094 1440
11.7106 1440
11.7118 1440
11.713 1440
11.7142 1440
11.7154 1440
11.7166 1440
11.7178 1440
11.719 1440
11.913 1440
11.9142 1440
11.9154 1440
11.9166 1440
11.9473 1440
11.9485 1440
11.9497 1440
11.9509 1440
11.9521 1440
11.9533 1440
11.9545 1440
11.9557 1440
11.9569 1440
11.9581 1440
11.9593 1440
11.9605 1440
11.9617 1440
12.1545 1440
12.1557 1440
12.1569 1440
12.1581 1440
12.1888 1440
12.19 1440
12.1912 1440
12.1924 1440
12.1936 1440
12.1948 1440
12.196 1440
12.1972 1440
12.1984 1440
12.1996 1440
12.2008 1440
12.2019 1440
12.2031 1440
12.2043 1440
12.2055 1440
12.3972 1440
12.3984 1440
12.3996 1440
12.4008 1440
12.4315 1440
12.4327 1440
12.4339 1440
12.4351 1440
12.4363 1440
12.4375 1440
12.4387 1440
12.4398 1440
12.441 1440
12.4422 1440
12.4434 1440
12.4446 1440
12.4458 1440
12.447 1440
12.4482 1440
12.6387 1440
12.6398 1440
12.641 1440
12.6422 1440
12.673 1440
12.6742 1440
12.6754 1440
12.6766 1440
12.6777 1440
12.6789 1440
12.6801 1440
12.6813 1440
12.6825 1440
12.6837 1440
12.6849 1440
12.6861 1440
12.6873 1440
12.6885 1440
12.6897 1440
12.6909 1440
12.6921 1440
12.8813 1440
12.8825 1440
12.8837 1440
12.8849 1440
12.9156 1440
12.9168 1440
12.918 1440
12.9192 1440
12.9204 1440
12.9216 1440
12.9228 1440
12.924 1440
12.9252 1440
12.9264 1440
12.9276 1440
12.9288 1440
12.93 1440
12.9312 1440
12.9324 1440
13.1228 1440
13.124 1440
13.1252 1440
13.1264 1440
13.1276 1440
13.1288 1440
13.1571 1440
13.1583 1440
13.1595 1440
13.1607 1440
13.1619 1440
13.1631 1440
13.1643 1440
13.1655 1440
13.1667 1440
13.1679 1440
13.1691 1440
13.1703 1440
13.1715 1440
13.1727 1440
13.1739 1440
13.1751 1440
13.1763 1440
13.3655 1440
13.3667 1440
13.3679 1440
13.3691 1440
13.3703 1440
13.3715 1440
13.3998 1440
13.401 1440
13.4022 1440
13.4034 1440
13.4046 1440
13.4058 1440
13.407 1440
13.4082 1440
13.4094 1440
13.4106 1440
13.4118 1440
13.413 1440
13.4142 1440
13.4154 1440
13.4165 1440
13.4177 1440
13.4189 1440
13.607 1440
13.6082 1440
13.6094 1440
13.6106 1440
13.6118 1440
13.613 1440
13.6413 1440
13.6425 1440
13.6437 1440
13.6449 1440
13.6461 1440
13.6473 1440
13.6485 1440
13.6497 1440
13.6509 1440
13.6521 1440
13.6533 1440
13.6544 1440
13.6556 1440
13.6568 1440
13.6604 1440
13.6616 1440
13.6628 1440
13.664 1440
13.6652 1440
13.8497 1440
13.8509 1440
13.8521 1440
13.8533 1440
13.8544 1440
13.8556 1440
13.884 1440
13.8852 1440
13.8864 1440
13.8876 1440
13.8888 1440
13.89 1440
13.8912 1440
13.8923 1440
13.8935 1440
13.8947 1440
13.8959 1440
13.8971 1440
13.8983 1440
13.8995 1440
13.9031 1440
13.9043 1440
13.9055 1440
13.9067 1440
14.0912 1440
14.0923 1440
14.0935 1440
14.0947 1440
14.0959 1440
14.0971 1440
14.0983 1440
14.1255 1440
14.1267 1440
14.1279 1440
14.1291 1440
14.1302 1440
14.1314 1440
14.1326 1440
14.1338 1440
14.135 1440
14.1362 1440
14.1374 1440
14.1386 1440
14.1398 1440
14.141 1440
14.1446 1440
14.1458 1440
14.147 1440
14.1482 1440
14.3326 1440
14.3338 1440
14.335 1440
14.3362 1440
14.3374 1440
14.3386 1440
14.3398 1440
14.341 1440
14.3422 1440
14.3681 1440
14.3693 1440
14.3705 1440
14.3717 1440
14.3729 1440
14.3741 1440
14.3753 1440
14.3765 1440
14.3801 1440
14.3813 1440
14.3825 1440
14.3837 1440
14.3849 1440
14.3861 1440
14.3873 1440
14.3885 1440
14.3897 1440
14.3909 1440
14.5753 1440
14.5765 1440
14.5777 1440
14.5789 1440
14.5801 1440
14.5813 1440
14.5825 1440
14.5837 1440
14.5849 1440
14.6096 1440
14.6108 1440
14.612 1440
14.6132 1440
14.6144 1440
14.6156 1440
14.6168 1440
14.618 1440
14.6216 1440
14.6228 1440
14.624 1440
14.6252 1440
14.6264 1440
14.6276 1440
14.6288 1440
14.63 1440
14.6311 1440
14.6323 1440
14.8168 1440
14.818 1440
14.8192 1440
14.8204 1440
14.8216 1440
14.8228 1440
14.824 1440
14.8252 1440
14.8264 1440
14.8288 1440
14.8523 1440
14.8535 1440
14.8547 1440
14.8559 1440
14.8571 1440
14.8595 1440
14.8607 1440
14.8643 1440
14.8655 1440
14.8667 1440
14.8679 1440
14.869 1440
14.8702 1440
14.8714 1440
14.8726 1440
14.8738 1440
14.875 1440
15.0595 1440
15.0607 1440
15.0619 1440
15.0631 1440
15.0643 1440
15.0655 1440
15.0667 1440
15.0679 1440
15.069 1440
15.0703 1440
15.0714 1440
15.0938 1440
15.095 1440
15.1165 1440
15.301 1440
15.3034 1440
15.3046 1440
15.3058 1440
15.307 1440
15.3082 1440
15.3094 1440
15.3106 1440
15.3117 1440
15.3129 1440
15.3141 1440
15.3353 1440
15.358 1440
15.5449 1440
15.5461 1440
15.5473 1440
15.5485 1440
15.5508 1440
15.552 1440
15.5532 1440
15.5544 1440
15.5556 1440
15.5768 1440
15.578 1440
15.5792 1440
15.5995 1440
15.7864 1440
15.8183 1440
15.8195 1440
15.8207 1440
15.841 1440
16.0279 1440
16.061 1440
16.0622 1440
16.0825 1440
16.2694 1440
16.3025 1440
16.3037 1440
16.324 1440
16.5108 1440
16.544 1440
16.5655 1440
16.5667 1440
16.5768 1440
16.8183 1440
17.2598 1440
17.261 1440
17.5025 1440
17.5036 1440
17.5048 1440
17.7451 1440
17.7463 1440
17.7475 1440
17.9463 1440
17.9878 1440
17.989 1440
18.1878 1440
18.189 1440
18.1902 1440
18.2305 1440
18.2317 1440
18.4305 1440
18.4317 1440
18.4329 1440
18.472 1440
18.4732 1440
18.672 1440
18.6732 1440
18.6744 1440
18.6756 1440
18.6768 1440
18.7147 1440
18.7159 1440
18.9147 1440
18.9159 1440
18.9171 1440
18.9182 1440
18.9561 1440
18.9573 1440
18.9585 1440
19.1561 1440
19.1573 1440
19.1585 1440
19.1597 1440
19.1976 1440
19.1988 1440
19.2 1440
19.2012 1440
19.2024 1440
19.3988 1440
19.4 1440
19.4012 1440
19.4024 1440
19.4403 1440
19.4415 1440
19.4427 1440
19.4439 1440
19.4451 1440
19.6403 1440
19.6415 1440
19.6427 1440
19.6439 1440
19.6818 1440
19.683 1440
19.6842 1440
19.6854 1440
19.6866 1440
19.6878 1440
19.689 1440
19.883 1440
19.8842 1440
19.8854 1440
19.8866 1440
19.9245 1440
19.9257 1440
19.9269 1440
19.9281 1440
19.9293 1440
19.9305 1440
20.1245 1440
20.1257 1440
20.1269 1440
20.1281 1440
20.1293 1440
20.166 1440
20.1672 1440
20.1684 1440
20.1696 1440
20.1708 1440
20.1719 1440
20.366 1440
20.3672 1440
20.3684 1440
20.3696 1440
20.3708 1440
20.3719 1440
20.3731 1440
20.4087 1440
20.4098 1440
20.411 1440
20.4122 1440
20.6087 1440
20.6098 1440
20.611 1440
20.6122 1440
20.6134 1440
20.6146 1440
20.6158 1440
20.617 1440
20.6182 1440
20.6501 1440
20.6513 1440
20.6525 1440
20.6537 1440
20.8501 1440
20.8513 1440
20.8525 1440
20.8537 1440
20.8549 1440
20.8561 1440
20.8573 1440
20.8585 1440
20.8597 1440
20.8609 1440
20.8621 1440
20.8928 1440
20.894 1440
20.8952 1440
20.8964 1440
21.0928 1440
21.094 1440
21.0952 1440
21.0964 1440
21.0976 1440
21.0988 1440
21.1 1440
21.1012 1440
21.1343 1440
21.1355 1440
21.1367 1440
21.1379 1440
21.1391 1440
21.1403 1440
21.1415 1440
21.3343 1440
21.3367 1440
21.3379 1440
21.3391 1440
21.3403 1440
21.3415 1440
21.3427 1440
21.3758 1440
21.377 1440
21.3782 1440
21.3794 1440
21.3806 1440
21.3818 1440
21.383 1440
21.3842 1440
21.3854 1440
21.5782 1440
21.5794 1440
21.5806 1440
21.5818 1440
21.6245 1440
21.6257 1440
21.6268 1440
21.8197 1440
21.8209 1440
21.8221 1440
21.8671 1440
21.8683 1440
21.8695 1440
22.0612 1440
22.0624 1440
22.0636 1440
22.0648 1440
22.0659 1440
22.1098 1440
22.111 1440
22.3027 1440
22.3038 1440
22.305 1440
22.3062 1440
22.3074 1440
22.3086 1440
22.3098 1440
22.3525 1440
22.3537 1440
22.5453 1440
22.5465 1440
22.5477 1440
22.5489 1440
22.5501 1440
22.5513 1440
22.5525 1440
22.594 1440
22.5952 1440
22.7868 1440
22.788 1440
22.7892 1440
22.7904 1440
22.7916 1440
22.7928 1440
22.794 1440
22.7952 1440
22.7964 1440
22.8367 1440
22.8379 1440
23.0295 1440
23.0307 1440
23.0319 1440
23.0331 1440
23.0343 1440
23.0355 1440
23.0367 1440
23.0379 1440
23.0391 1440
23.0782 1440
23.0793 1440
23.271 1440
23.2722 1440
23.2734 1440
23.2746 1440
23.2758 1440
23.277 1440
23.2782 1440
23.2794 1440
23.2806 1440
23.2817 1440
23.2829 1440
23.3208 1440
23.322 1440
23.5137 1440
23.5149 1440
23.5161 1440
23.5173 1440
23.5185 1440
23.5196 1440
23.5208 1440
23.522 1440
23.5232 1440
23.5244 1440
23.5256 1440
23.5623 1440
23.7552 1440
23.7564 1440
23.7575 1440
23.7587 1440
23.7599 1440
23.7611 1440
23.7623 1440
23.7635 1440
23.7647 1440
23.7659 1440
23.7671 1440
23.7683 1440
23.7695 1440
23.9967 1440
23.9978 1440
23.999 1440
24.0002 1440
24.0098 1440
24.011 1440
24.2381 1440
24.2393 1440
24.2405 1440
24.2417 1440
24.2525 1440
24.2537 1440
24.4808 1440
24.482 1440
24.4832 1440
24.4844 1440
24.4856 1440
24.4952 1440
24.4964 1440
24.7235 1440
24.7247 1440
24.7259 1440
24.7271 1440
24.7283 1440
24.7366 1440
24.7378 1440
24.9378 1440
24.9662 1440
24.9674 1440
24.9686 1440
24.9698 1440
24.9781 1440
24.9793 1440
24.9805 1440
25.1793 1440
25.2077 1440
25.2089 1440
25.2101 1440
25.2113 1440
25.2196 1440
25.2208 1440
25.222 1440
25.2232 1440
25.2244 1440
25.4492 1440
25.4504 1440
25.4516 1440
25.4527 1440
25.4611 1440
25.4623 1440
25.4635 1440
25.4647 1440
25.4659 1440
25.4671 1440
25.4683 1440
25.6918 1440
25.693 1440
25.6942 1440
25.6954 1440
25.7038 1440
25.705 1440
25.7062 1440
25.7074 1440
25.7086 1440
25.7098 1440
25.711 1440
25.9098 1440
25.9345 1440
25.9357 1440
25.9369 1440
25.9381 1440
25.9465 1440
25.9477 1440
25.9489 1440
25.9501 1440
25.9512 1440
25.9524 1440
26.1512 1440
26.1524 1440
26.1536 1440
26.1772 1440
26.1784 1440
26.1796 1440
26.1808 1440
26.1891 1440
26.1903 1440
26.1915 1440
26.1927 1440
26.1939 1440
26.1951 1440
26.3939 1440
26.3951 1440
26.3963 1440
26.4187 1440
26.4199 1440
26.4211 1440
26.4223 1440
26.4306 1440
26.4318 1440
26.433 1440
26.4342 1440
26.4354 1440
26.4366 1440
26.6354 1440
26.6366 1440
26.6378 1440
26.639 1440
26.6402 1440
26.6614 1440
26.6626 1440
26.6638 1440
26.665 1440
26.6733 1440
26.6745 1440
26.6757 1440
26.6769 1440
26.6781 1440
26.6793 1440
26.8781 1440
26.8793 1440
26.8805 1440
26.8817 1440
26.9029 1440
26.9041 1440
26.9052 1440
26.9064 1440
26.9076 1440
26.9148 1440
26.916 1440
26.9172 1440
26.9184 1440
26.9196 1440
26.9208 1440
27.1196 1440
27.1208 1440
27.122 1440
27.1232 1440
27.1443 1440
27.1455 1440
27.1467 1440
27.1479 1440
27.1491 1440
27.1503 1440
27.1515 1440
27.1575 1440
27.1587 1440
27.1599 1440
27.1611 1440
27.1623 1440
27.1635 1440
27.3623 1440
27.3635 1440
27.3647 1440
27.3658 1440
27.387 1440
27.3882 1440
27.3894 1440
27.3906 1440
27.3918 1440
27.393 1440
27.3942 1440
27.399 1440
27.4002 1440
27.4014 1440
27.4026 1440
27.4037 1440
27.4049 1440
27.6037 1440
27.6049 1440
27.6061 1440
27.6073 1440
27.6285 1440
27.6297 1440
27.6309 1440
27.6321 1440
27.6333 1440
27.6345 1440
27.6357 1440
27.6369 1440
27.6381 1440
27.6417 1440
27.6428 1440
27.644 1440
27.6452 1440
27.6464 1440
27.6476 1440
27.8464 1440
27.8476 1440
27.8488 1440
27.85 1440
27.8712 1440
27.8724 1440
27.8736 1440
27.8748 1440
27.876 1440
27.8772 1440
27.8784 1440
27.8796 1440
27.8808 1440
27.8831 1440
27.8843 1440
27.8855 1440
27.8867 1440
27.8879 1440
27.8891 1440
28.0879 1440
28.0891 1440
28.0903 1440
28.0915 1440
28.1127 1440
28.1139 1440
28.1151 1440
28.1163 1440
28.1175 1440
28.1187 1440
28.1198 1440
28.121 1440
28.1222 1440
28.1234 1440
28.1246 1440
28.1258 1440
28.127 1440
28.1282 1440
28.1294 1440
28.1306 1440
28.1318 1440
28.3306 1440
28.3318 1440
28.333 1440
28.3342 1440
28.3566 1440
28.3577 1440
28.3589 1440
28.3601 1440
28.3613 1440
28.3625 1440
28.3637 1440
28.3649 1440
28.3661 1440
28.3673 1440
28.3685 1440
28.3697 1440
28.3709 1440
28.3721 1440
28.5721 1440
28.5733 1440
28.5745 1440
28.5757 1440
28.5769 1440
28.5781 1440
28.598 1440
28.5992 1440
28.6004 1440
28.6016 1440
28.8136 1440
28.8148 1440
28.816 1440
28.8172 1440
28.8184 1440
28.8196 1440
28.8395 1440
28.8407 1440
28.8419 1440
28.8431 1440
29.0563 1440
29.0575 1440
29.0586 1440
29.0598 1440
29.061 1440
29.0622 1440
29.0634 1440
29.0822 1440
29.0834 1440
29.0846 1440
29.0858 1440
29.087 1440
29.2989 1440
29.3001 1440
29.3013 1440
29.3025 1440
29.3037 1440
29.3049 1440
29.3237 1440
29.3249 1440
29.3261 1440
29.3273 1440
29.3285 1440
29.3297 1440
29.3309 1440
29.5416 1440
29.5428 1440
29.544 1440
29.5452 1440
29.5464 1440
29.5476 1440
29.5664 1440
29.5676 1440
29.5688 1440
29.57 1440
29.5712 1440
29.5724 1440
29.7724 1440
29.7736 1440
29.7843 1440
29.7855 1440
29.7867 1440
29.7879 1440
29.7891 1440
29.7903 1440
29.8091 1440
29.8103 1440
29.8115 1440
29.8127 1440
29.8139 1440
29.815 1440
30.015 1440
30.0162 1440
30.0174 1440
30.027 1440
30.0282 1440
30.0294 1440
30.0306 1440
30.0318 1440
30.033 1440
30.0518 1440
30.0529 1440
30.0541 1440
30.0553 1440
30.0565 1440
30.0577 1440
30.2577 1440
30.2589 1440
30.2685 1440
30.2697 1440
30.2709 1440
30.2721 1440
30.2733 1440
30.2744 1440
30.2756 1440
30.2932 1440
30.2944 1440
30.2956 1440
30.2968 1440
30.298 1440
30.2992 1440
30.4992 1440
30.5004 1440
30.5016 1440
30.5112 1440
30.5123 1440
30.5135 1440
30.5147 1440
30.5159 1440
30.5171 1440
30.5183 1440
30.5347 1440
30.5359 1440
30.5371 1440
30.5383 1440
30.5395 1440
30.5407 1440
30.7407 1440
30.7419 1440
30.7431 1440
30.7526 1440
30.7538 1440
30.755 1440
30.7562 1440
30.7574 1440
30.7586 1440
30.7598 1440
30.761 1440
30.7622 1440
30.7774 1440
30.7786 1440
30.7798 1440
30.781 1440
30.7822 1440
30.7834 1440
30.9834 1440
30.9846 1440
30.9941 1440
30.9953 1440
30.9965 1440
30.9977 1440
30.9989 1440
31.0001 1440
31.0013 1440
31.0025 1440
31.0037 1440
31.0049 1440
31.0061 1440
31.0201 1440
31.0213 1440
31.0225 1440
31.0237 1440
31.2261 1440
31.2273 1440
31.2285 1440
31.2296 1440
31.2368 1440
31.238 1440
31.2392 1440
31.2404 1440
31.2416 1440
31.2428 1440
31.244 1440
31.2452 1440
31.2464 1440
31.2476 1440
31.2488 1440
31.2616 1440
31.2628 1440
31.264 1440
31.2652 1440
31.4652 1440
31.4687 1440
31.4699 1440
31.4711 1440
31.4723 1440
31.4795 1440
31.4807 1440
31.4819 1440
31.4831 1440
31.4843 1440
31.4855 1440
31.4867 1440
31.4879 1440
31.489 1440
31.4902 1440
31.4914 1440
31.5031 1440
31.5043 1440
31.5055 1440
31.5066 1440
31.7066 1440
31.7102 1440
31.7114 1440
31.7126 1440
31.7138 1440
31.721 1440
31.7222 1440
31.7234 1440
31.7246 1440
31.7258 1440
31.7269 1440
31.7281 1440
31.7293 1440
31.7305 1440
31.7317 1440
31.7329 1440
31.7341 1440
31.7353 1440
31.7457 1440
31.7469 1440
31.7481 1440
31.7493 1440
31.9517 1440
31.9529 1440
31.9541 1440
31.9553 1440
31.9625 1440
31.9637 1440
31.9648 1440
31.966 1440
31.9672 1440
31.9684 1440
31.9696 1440
31.9708 1440
31.972 1440
31.9732 1440
31.9744 1440
31.9756 1440
31.9768 1440
31.978 1440
31.9792 1440
31.9884 1440
31.9896 1440
31.9908 1440
31.992 1440
32.1944 1440
32.1956 1440
32.1968 1440
32.198 1440
32.2051 1440
32.2063 1440
32.2075 1440
32.2087 1440
32.2099 1440
32.2111 1440
32.2123 1440
32.2135 1440
32.2147 1440
32.2159 1440
32.2171 1440
32.2183 1440
32.2195 1440
32.2207 1440
32.2219 1440
32.2299 1440
32.2311 1440
32.2323 1440
32.2335 1440
32.4335 1440
32.4371 1440
32.4383 1440
32.4395 1440
32.4407 1440
32.4478 1440
32.449 1440
32.4502 1440
32.4514 1440
32.455 1440
32.4562 1440
32.4574 1440
32.4586 1440
32.4598 1440
32.461 1440
32.4622 1440
32.4634 1440
32.4646 1440
32.4657 1440
32.4669 1440
32.4714 1440
32.4726 1440
32.4738 1440
32.475 1440
32.675 1440
32.6786 1440
32.6798 1440
32.681 1440
32.6822 1440
32.6893 1440
32.6905 1440
32.6917 1440
32.6929 1440
32.6965 1440
32.6977 1440
32.7013 1440
32.7025 1440
32.7036 1440
32.7048 1440
32.706 1440
32.7072 1440
32.7084 1440
32.7096 1440
32.7108 1440
32.712 1440
32.7132 1440
32.7144 1440
32.7156 1440
32.7168 1440
32.718 1440
32.9201 1440
32.9212 1440
32.9224 1440
32.9236 1440
32.9308 1440
32.932 1440
32.9332 1440
32.9344 1440
32.938 1440
32.9392 1440
32.9427 1440
32.9439 1440
32.9451 1440
32.9463 1440
32.9475 1440
32.9487 1440
32.9499 1440
32.9511 1440
32.9523 1440
32.9535 1440
32.9547 1440
32.9559 1440
32.9571 1440
32.9583 1440
32.9595 1440
32.9607 1440
32.9619 1440
33.1627 1440
33.1639 1440
33.1651 1440
33.1663 1440
33.1735 1440
33.1747 1440
33.1759 1440
33.1771 1440
33.1806 1440
33.1818 1440
33.1854 1440
33.1866 1440
33.1878 1440
33.189 1440
33.1902 1440
33.1914 1440
33.1926 1440
33.1938 1440
33.195 1440
33.1962 1440
33.1974 1440
33.1986 1440
33.1998 1440
33.201 1440
33.2022 1440
33.2034 1440
33.2046 1440
33.4034 1440
33.4054 1440
33.4066 1440
33.4078 1440
33.409 1440
33.4162 1440
33.4174 1440
33.4197 1440
33.4233 1440
33.4245 1440
33.4281 1440
33.4293 1440
33.4317 1440
33.4329 1440
33.4341 1440
33.4353 1440
33.4365 1440
33.4377 1440
33.4389 1440
33.4401 1440
33.4413 1440
33.4425 1440
33.4436 1440
33.4448 1440
33.446 1440
33.4472 1440
33.6448 1440
33.646 1440
33.6481 1440
33.6493 1440
33.6505 1440
33.6517 1440
33.6588 1440
33.66 1440
33.6612 1440
33.6648 1440
33.666 1440
33.6875 1440
33.6887 1440
33.8863 1440
33.8875 1440
33.8896 1440
33.8908 1440
33.892 1440
33.8932 1440
33.9003 1440
33.9015 1440
33.9027 1440
33.9063 1440
33.9087 1440
33.929 1440
34.1278 1440
34.129 1440
34.1311 1440
34.1323 1440
34.1335 1440
34.1347 1440
34.1359 1440
34.1418 1440
34.143 1440
34.1442 1440
34.1454 1440
34.149 1440
34.1705 1440
34.1717 1440
34.3705 1440
34.3717 1440
34.3738 1440
34.375 1440
34.3762 1440
34.3774 1440
34.3785 1440
34.3833 1440
34.3845 1440
34.3857 1440
34.3869 1440
34.3905 1440
34.3917 1440
34.4144 1440
34.6132 1440
34.6144 1440
34.6164 1440
34.6176 1440
34.6188 1440
34.62 1440
34.6212 1440
34.6248 1440
34.626 1440
34.6272 1440
34.6284 1440
34.6559 1440
34.6571 1440
34.6583 1440
34.6595 1440
34.8547 1440
34.8559 1440
34.8699 1440
34.8974 1440
34.8986 1440
34.8998 1440
34.901 1440
35.0962 1440
35.0974 1440
35.1389 1440
35.1401 1440
35.1413 1440
35.1424 1440
35.1436 1440
35.3377 1440
35.3389 1440
35.3803 1440
35.3815 1440
35.3827 1440
35.3839 1440
35.3851 1440
35.3863 1440
35.3875 1440
35.5803 1440
35.5815 1440
35.623 1440
35.6242 1440
35.6254 1440
35.6266 1440
35.6278 1440
35.629 1440
35.6302 1440
35.8218 1440
35.823 1440
35.8669 1440
35.8681 1440
35.8693 1440
35.8705 1440
35.8717 1440
35.8729 1440
35.8741 1440
35.8753 1440
35.8765 1440
36.0645 1440
36.0657 1440
36.1096 1440
36.1108 1440
36.112 1440
36.1132 1440
36.1144 1440
36.1156 1440
36.1168 1440
36.118 1440
36.1191 1440
36.306 1440
36.3072 1440
36.3511 1440
36.3523 1440
36.3535 1440
36.3547 1440
36.3559 1440
36.357 1440
36.3582 1440
36.3594 1440
36.3606 1440
36.3618 1440
36.363 1440
36.5487 1440
36.5499 1440
36.5938 1440
36.5949 1440
36.5961 1440
36.5973 1440
36.5985 1440
36.5997 1440
36.6009 1440
36.6021 1440
36.6033 1440
36.6045 1440
36.6057 1440
36.7902 1440
36.7914 1440
36.8352 1440
36.8364 1440
36.8376 1440
36.8388 1440
36.84 1440
36.8412 1440
36.8424 1440
36.8436 1440
36.8448 1440
36.846 1440
36.8472 1440
36.8484 1440
36.8496 1440
37.0328 1440
37.034 1440
37.0779 1440
37.0791 1440
37.0803 1440
37.0815 1440
37.0827 1440
37.0839 1440
37.0851 1440
37.0863 1440
37.0875 1440
37.0887 1440
37.0899 1440
37.0911 1440
37.0923 1440
37.2743 1440
37.2755 1440
37.3194 1440
37.3206 1440
37.3218 1440
37.323 1440
37.3242 1440
37.3254 1440
37.3266 1440
37.3278 1440
37.329 1440
37.3302 1440
37.3314 1440
37.3326 1440
37.3337 1440
37.3349 1440
37.3361 1440
37.517 1440
37.5182 1440
37.5621 1440
37.5633 1440
37.5645 1440
37.5657 1440
37.5669 1440
37.5681 1440
37.5693 1440
37.5705 1440
37.5716 1440
37.5728 1440
37.574 1440
37.5752 1440
37.5764 1440
37.5776 1440
37.5788 1440
37.7585 1440
37.7597 1440
37.8036 1440
37.8048 1440
37.806 1440
37.8072 1440
37.8084 1440
37.8095 1440
37.8107 1440
37.8119 1440
37.8131 1440
37.8143 1440
37.8155 1440
37.8167 1440
37.8179 1440
37.8191 1440
37.8203 1440
37.8215 1440
37.8227 1440
38.0012 1440
38.0024 1440
38.0463 1440
38.0474 1440
38.0486 1440
38.0498 1440
38.051 1440
38.0522 1440
38.0534 1440
38.0546 1440
38.0558 1440
38.057 1440
38.0582 1440
38.0594 1440
38.0606 1440
38.0618 1440
38.063 1440
38.0642 1440
38.2427 1440
38.2439 1440
38.2451 1440
38.2877 1440
38.2889 1440
38.2901 1440
38.2913 1440
38.2925 1440
38.2937 1440
38.2949 1440
38.2961 1440
38.2973 1440
38.2985 1440
38.2997 1440
38.3009 1440
38.3021 1440
38.3033 1440
38.3045 1440
38.3057 1440
38.4842 1440
38.4853 1440
38.4865 1440
38.4877 1440
38.4889 1440
38.5304 1440
38.5316 1440
38.5328 1440
38.534 1440
38.5352 1440
38.5364 1440
38.5376 1440
38.5388 1440
38.54 1440
38.5412 1440
38.5424 1440
38.5436 1440
38.5448 1440
38.546 1440
38.5472 1440
38.5483 1440
38.7268 1440
38.728 1440
38.7292 1440
38.7304 1440
38.7316 1440
38.7719 1440
38.7731 1440
38.7743 1440
38.7755 1440
38.7767 1440
38.7779 1440
38.7791 1440
38.7803 1440
38.7815 1440
38.7827 1440
38.7839 1440
38.7851 1440
38.7863 1440
38.7874 1440
38.7886 1440
38.7898 1440
38.9683 1440
38.9695 1440
38.9707 1440
38.9719 1440
38.9731 1440
38.9743 1440
38.9755 1440
39.0146 1440
39.0158 1440
39.017 1440
39.0182 1440
39.0194 1440
39.0206 1440
39.0218 1440
39.023 1440
39.0242 1440
39.0253 1440
39.0265 1440
39.0277 1440
39.0289 1440
39.0301 1440
39.0313 1440
39.0325 1440
39.211 1440
39.2122 1440
39.2134 1440
39.2146 1440
39.2158 1440
39.217 1440
39.2561 1440
39.2573 1440
39.2585 1440
39.2597 1440
39.2609 1440
39.2621 1440
39.2632 1440
39.2644 1440
39.2656 1440
39.2668 1440
39.268 1440
39.2692 1440
39.2704 1440
39.2716 1440
39.2728 1440
39.274 1440
39.2752 1440
39.4525 1440
39.4537 1440
39.4549 1440
39.4561 1440
39.4573 1440
39.4585 1440
39.4976 1440
39.4988 1440
39.5 1440
39.5011 1440
39.5023 1440
39.5035 1440
39.5047 1440
39.5059 1440
39.5083 1440
39.5095 1440
39.5107 1440
39.5119 1440
39.5131 1440
39.5143 1440
39.5155 1440
39.5167 1440
39.5179 1440
39.5191 1440
39.6952 1440
39.6964 1440
39.6976 1440
39.6988 1440
39.7 1440
39.7011 1440
39.7402 1440
39.7414 1440
39.7426 1440
39.7438 1440
39.745 1440
39.7462 1440
39.7474 1440
39.7486 1440
39.7498 1440
39.751 1440
39.7522 1440
39.7534 1440
39.9817 1440
39.9829 1440
39.9841 1440
39.9853 1440
39.9865 1440
39.9877 1440
39.9889 1440
39.9901 1440
39.9913 1440
39.9925 1440
39.9937 1440
39.9949 1440
40.2244 1440
40.2256 1440
40.2268 1440
40.228 1440
40.2292 1440
40.2304 1440
40.2316 1440
40.2328 1440
40.234 1440
40.2352 1440
40.2364 1440
40.2376 1440
40.2388 1440
40.4671 1440
40.4683 1440
40.4695 1440
40.4707 1440
40.4719 1440
40.4731 1440
40.4743 1440
40.4755 1440
40.4767 1440
40.4779 1440
40.4791 1440
40.4802 1440
40.4814 1440
40.6802 1440
40.7098 1440
40.711 1440
40.7122 1440
40.7134 1440
40.7146 1440
40.7158 1440
40.717 1440
40.7181 1440
40.7193 1440
40.7205 1440
40.7217 1440
40.7229 1440
40.7241 1440
40.9217 1440
40.9229 1440
40.9525 1440
40.9537 1440
40.9549 1440
40.956 1440
40.9572 1440
40.9584 1440
40.9596 1440
40.9608 1440
40.962 1440
40.9632 1440
40.9644 1440
40.9656 1440
40.9668 1440
41.1632 1440
41.1644 1440
41.1939 1440
41.1951 1440
41.1987 1440
41.1999 1440
41.2011 1440
41.2023 1440
41.2035 1440
41.2047 1440
41.2059 1440
41.2071 1440
41.2083 1440
41.2095 1440
41.2107 1440
41.2119 1440
41.2131 1440
41.4059 1440
41.4071 1440
41.4366 1440
41.4378 1440
41.4414 1440
41.4426 1440
41.4438 1440
41.445 1440
41.4462 1440
41.4474 1440
41.4486 1440
41.4498 1440
41.451 1440
41.4522 1440
41.4534 1440
41.4546 1440
41.4558 1440
41.6474 1440
41.6486 1440
41.6781 1440
41.6793 1440
41.6829 1440
41.6841 1440
41.6853 1440
41.6865 1440
41.6877 1440
41.6889 1440
41.6901 1440
41.6913 1440
41.6925 1440
41.6937 1440
41.6948 1440
41.696 1440
41.6972 1440
41.6984 1440
41.6996 1440
41.8901 1440
41.8913 1440
41.9208 1440
41.922 1440
41.9256 1440
41.9268 1440
41.928 1440
41.9292 1440
41.9304 1440
41.9316 1440
41.9327 1440
41.9339 1440
41.9351 1440
41.9363 1440
41.9375 1440
41.9387 1440
41.9399 1440
41.9411 1440
42.1316 1440
42.1327 1440
42.1339 1440
42.1623 1440
42.1635 1440
42.1671 1440
42.1683 1440
42.1695 1440
42.1706 1440
42.1718 1440
42.173 1440
42.1742 1440
42.1754 1440
42.1766 1440
42.1778 1440
42.179 1440
42.1802 1440
42.1814 1440
42.1826 1440
42.373 1440
42.3742 1440
42.3754 1440
42.3766 1440
42.3778 1440
42.405 1440
42.4062 1440
42.4097 1440
42.4109 1440
42.4121 1440
42.4133 1440
42.4145 1440
42.4157 1440
42.4169 1440
42.4181 1440
42.4193 1440
42.4205 1440
42.4217 1440
42.4229 1440
42.4241 1440
42.4253 1440
42.6157 1440
42.6169 1440
42.6181 1440
42.6193 1440
42.6205 1440
42.6464 1440
42.6476 1440
42.6512 1440
42.6524 1440
42.6536 1440
42.6548 1440
42.656 1440
42.6572 1440
42.6584 1440
42.6596 1440
42.6608 1440
42.662 1440
42.6632 1440
42.6644 1440
42.6656 1440
42.6668 1440
42.8572 1440
42.8584 1440
42.8596 1440
42.8608 1440
42.862 1440
42.8632 1440
42.8644 1440
42.8891 1440
42.8903 1440
42.8939 1440
42.8951 1440
42.8963 1440
42.8975 1440
42.8987 1440
42.8999 1440
42.9011 1440
42.9023 1440
42.9035 1440
42.9047 1440
42.9059 1440
42.9071 1440
42.9083 1440
42.9094 1440
43.0999 1440
43.1011 1440
43.1023 1440
43.1035 1440
43.1047 1440
43.1059 1440
43.1306 1440
43.1318 1440
43.133 1440
43.1354 1440
43.1366 1440
43.1402 1440
43.1414 1440
43.1426 1440
43.1438 1440
43.145 1440
43.1462 1440
43.1473 1440
43.1485 1440
43.1497 1440
43.1509 1440
43.1521 1440
43.1533 1440
43.3414 1440
43.3426 1440
43.3438 1440
43.345 1440
43.3462 1440
43.3473 1440
43.3721 1440
43.3733 1440
43.3745 1440
43.3757 1440
43.3769 1440
43.3781 1440
43.3793 1440
43.3829 1440
43.3841 1440
43.3853 1440
43.3864 1440
43.3876 1440
43.3888 1440
43.39 1440
43.3912 1440
43.3924 1440
43.3936 1440
43.3948 1440
43.396 1440
43.5841 1440
43.5853 1440
43.5864 1440
43.5876 1440
43.5888 1440
43.59 1440
43.6148 1440
43.616 1440
43.6172 1440
43.6184 1440
43.6196 1440
43.6208 1440
43.622 1440
43.6243 1440
43.6255 1440
43.6267 1440
43.6279 1440
43.6291 1440
43.6303 1440
43.6315 1440
43.6327 1440
43.6339 1440
43.6351 1440
43.6363 1440
43.6375 1440
43.8255 1440
43.8267 1440
43.8279 1440
43.8291 1440
43.8303 1440
43.8315 1440
43.8563 1440
43.8575 1440
43.8587 1440
43.8599 1440
43.8611 1440
43.8622 1440
43.8634 1440
43.8646 1440
43.8658 1440
43.867 1440
43.8682 1440
43.8694 1440
43.8706 1440
43.8718 1440
43.873 1440
43.8742 1440
43.8754 1440
43.8766 1440
43.8778 1440
43.879 1440
43.8802 1440
44.0682 1440
44.0694 1440
44.0706 1440
44.0718 1440
44.073 1440
44.0742 1440
44.099 1440
44.1001 1440
44.1013 1440
44.1025 1440
44.1037 1440
44.1049 1440
44.1061 1440
44.1073 1440
44.1085 1440
44.1097 1440
44.1109 1440
44.1121 1440
44.1133 1440
44.1145 1440
44.1157 1440
44.1169 1440
44.1181 1440
44.1193 1440
44.1205 1440
44.1217 1440
44.1229 1440
44.3097 1440
44.3109 1440
44.3121 1440
44.3133 1440
44.3145 1440
44.3157 1440
44.3404 1440
44.3416 1440
44.3428 1440
44.344 1440
44.3452 1440
44.3464 1440
44.3476 1440
44.3488 1440
44.35 1440
44.3512 1440
44.3524 1440
44.3536 1440
44.3548 1440
44.356 1440
44.3572 1440
44.3584 1440
44.3596 1440
44.3608 1440
44.362 1440
44.3631 1440
44.3643 1440
44.3655 1440
44.3667 1440
44.5524 1440
44.5536 1440
44.5548 1440
44.5572 1440
44.5584 1440
44.5831 1440
44.5843 1440
44.5855 1440
44.5867 1440
44.5879 1440
44.5891 1440
44.5903 1440
44.5927 1440
44.5939 1440
44.5951 1440
44.5963 1440
44.5975 1440
44.5987 1440
44.5999 1440
44.601 1440
44.6022 1440
44.6034 1440
44.6046 1440
44.6058 1440
44.607 1440
44.6082 1440
44.6094 1440
44.7939 1440
44.7951 1440
44.7963 1440
44.7975 1440
44.7987 1440
44.7999 1440
44.8246 1440
44.8437 1440
44.8449 1440
44.8461 1440
44.8473 1440
44.8485 1440
44.8497 1440
44.8509 1440
45.0354 1440
45.0366 1440
45.0378 1440
45.039 1440
45.0402 1440
45.0414 1440
45.0673 1440
45.0852 1440
45.0876 1440
45.0888 1440
45.09 1440
45.0912 1440
45.0924 1440
45.0936 1440
45.0948 1440
45.2781 1440
45.2793 1440
45.2804 1440
45.2816 1440
45.2828 1440
45.284 1440
45.3267 1440
45.3279 1440
45.3291 1440
45.3303 1440
45.3315 1440
45.3327 1440
45.3339 1440
45.3351 1440
45.3363 1440
45.5195 1440
45.5207 1440
45.5219 1440
45.5231 1440
45.5243 1440
45.5255 1440
45.5682 1440
45.5694 1440
45.5706 1440
45.5718 1440
45.573 1440
45.5742 1440
45.5754 1440
45.5766 1440
45.5778 1440
45.579 1440
45.5802 1440
45.7622 1440
45.7634 1440
45.7646 1440
45.7658 1440
45.767 1440
45.7682 1440
45.8109 1440
45.8121 1440
45.8133 1440
45.8145 1440
45.8157 1440
45.8169 1440
45.8181 1440
45.8192 1440
45.8204 1440
45.8216 1440
45.8228 1440
46.0037 1440
46.0049 1440
46.0061 1440
46.0073 1440
46.0085 1440
46.0097 1440
46.0524 1440
46.0536 1440
46.0548 1440
46.056 1440
46.0571 1440
46.0583 1440
46.0595 1440
46.0607 1440
46.0619 1440
46.0631 1440
46.0643 1440
46.0655 1440
46.0667 1440
46.2464 1440
46.2476 1440
46.2488 1440
46.25 1440
46.2512 1440
46.2524 1440
46.2951 1440
46.2962 1440
46.2974 1440
46.2986 1440
46.2998 1440
46.301 1440
46.3022 1440
46.3034 1440
46.3046 1440
46.3058 1440
46.307 1440
46.3082 1440
46.3094 1440
46.4879 1440
46.4891 1440
46.4915 1440
46.4927 1440
46.4939 1440
46.5365 1440
46.5377 1440
46.5389 1440
46.5401 1440
46.5413 1440
46.5425 1440
46.5437 1440
46.5449 1440
46.5461 1440
46.5473 1440
46.5485 1440
46.5497 1440
46.5509 1440
46.5521 1440
46.5533 1440
46.7306 1440
46.7318 1440
46.733 1440
46.7342 1440
46.7354 1440
46.7912 1440
46.7924 1440
46.7936 1440
46.7948 1440
46.9721 1440
46.9732 1440
46.9745 1440
46.9757 1440
46.9769 1440
47.0339 1440
47.0351 1440
47.0362 1440
47.0374 1440
47.0386 1440
47.2147 1440
47.2159 1440
47.2171 1440
47.2183 1440
47.2753 1440
47.2765 1440
47.2777 1440
47.2789 1440
47.2801 1440
47.2813 1440
47.2825 1440
47.4574 1440
47.4586 1440
47.4598 1440
47.461 1440
47.518 1440
47.5192 1440
47.5204 1440
47.5216 1440
47.5228 1440
47.524 1440
47.5252 1440
47.6989 1440
47.7001 1440
47.7013 1440
47.7025 1440
47.7595 1440
47.7607 1440
47.7619 1440
47.7631 1440
47.7643 1440
47.7655 1440
47.7667 1440
47.7679 1440
47.7691 1440
47.9416 1440
47.9428 1440
47.944 1440
47.9452 1440
48.0022 1440
48.0034 1440
48.0046 1440
48.0058 1440
48.007 1440
48.0082 1440
48.0094 1440
48.0106 1440
48.0118 1440
48.1831 1440
48.1843 1440
48.1855 1440
48.1867 1440
48.2437 1440
48.2449 1440
48.2461 1440
48.2473 1440
48.2485 1440
48.2497 1440
48.2509 1440
48.252 1440
48.2532 1440
48.2544 1440
48.2556 1440
48.4258 1440
48.4269 1440
48.4282 1440
48.4294 1440
48.4864 1440
48.4876 1440
48.4888 1440
48.4899 1440
48.4911 1440
48.4923 1440
48.4935 1440
48.4947 1440
48.4959 1440
48.4971 1440
48.6672 1440
48.6684 1440
48.6696 1440
48.6708 1440
48.672 1440
48.7278 1440
48.729 1440
48.7302 1440
48.7314 1440
48.7326 1440
48.7338 1440
48.735 1440
48.7362 1440
48.7374 1440
48.7386 1440
48.9087 1440
48.9099 1440
48.9111 1440
48.9123 1440
48.9135 1440
48.9147 1440
48.9159 1440
48.9705 1440
48.9717 1440
48.9729 1440
48.9741 1440
48.9753 1440
48.9765 1440
48.9777 1440
48.9789 1440
48.9801 1440
48.9813 1440
49.1514 1440
49.1526 1440
49.1538 1440
49.155 1440
49.1562 1440
49.1574 1440
49.1586 1440
49.212 1440
49.2132 1440
49.2144 1440
49.2156 1440
49.2168 1440
49.218 1440
49.2192 1440
49.2204 1440
49.2216 1440
49.2228 1440
49.3929 1440
49.3941 1440
49.3953 1440
49.3965 1440
49.3977 1440
49.3989 1440
49.4001 1440
49.4013 1440
49.4025 1440
49.4547 1440
49.4559 1440
49.4571 1440
49.4583 1440
49.4595 1440
49.4607 1440
49.4619 1440
49.4631 1440
49.4643 1440
49.4655 1440
49.6356 1440
49.6368 1440
49.638 1440
49.6392 1440
49.6404 1440
49.6415 1440
49.6427 1440
49.6439 1440
49.6451 1440
49.6962 1440
49.6974 1440
49.6986 1440
49.6998 1440
49.701 1440
49.7022 1440
49.7034 1440
49.7045 1440
49.7057 1440
49.7069 1440
49.8771 1440
49.8783 1440
49.8794 1440
49.8806 1440
49.8818 1440
49.883 1440
49.8842 1440
49.8854 1440
49.8866 1440
49.8878 1440
49.889 1440
49.9389 1440
49.9401 1440
49.9413 1440
49.9424 1440
49.9436 1440
49.9448 1440
49.946 1440
49.9472 1440
49.9484 1440
49.9496 1440
50.1197 1440
50.1209 1440
50.1221 1440
50.1233 1440
50.1245 1440
50.1257 1440
50.1269 1440
50.1281 1440
50.1293 1440
50.1305 1440
50.1317 1440
50.1803 1440
50.1815 1440
50.1827 1440
50.1839 1440
50.1851 1440
50.1863 1440
50.1875 1440
50.1887 1440
50.1899 1440
50.1911 1440
50.3612 1440
50.3624 1440
50.3636 1440
50.3648 1440
50.366 1440
50.3672 1440
50.3684 1440
50.3696 1440
50.3708 1440
50.372 1440
50.3732 1440
50.3744 1440
50.3756 1440
50.423 1440
50.4242 1440
50.4254 1440
50.4266 1440
50.4302 1440
50.4314 1440
50.4326 1440
50.4338 1440
50.435 1440
50.4362 1440
50.6039 1440
50.6051 1440
50.6063 1440
50.6075 1440
50.6087 1440
50.6099 1440
50.6111 1440
50.6123 1440
50.6135 1440
50.6147 1440
50.6159 1440
50.6171 1440
50.6645 1440
50.6657 1440
50.6669 1440
50.6681 1440
50.6693 1440
50.6717 1440
50.6729 1440
50.6741 1440
50.6753 1440
50.6765 1440
50.6777 1440
50.8454 1440
50.8466 1440
50.8478 1440
50.849 1440
50.8502 1440
50.8514 1440
50.8526 1440
50.8538 1440
50.855 1440
50.8561 1440
50.8573 1440
50.8585 1440
50.906 1440
50.9072 1440
50.9084 1440
50.9096 1440
50.9108 1440
50.912 1440
50.9132 1440
50.9144 1440
50.9156 1440
50.9168 1440
50.9191 1440
50.9203 1440
51.0881 1440
51.0893 1440
51.0905 1440
51.0917 1440
51.0929 1440
51.0941 1440
51.0952 1440
51.0964 1440
51.0976 1440
51.0988 1440
51.1 1440
51.1012 1440
51.1487 1440
51.1499 1440
51.1511 1440
51.1523 1440
51.1535 1440
51.1547 1440
51.1559 1440
51.157 1440
51.1582 1440
51.1594 1440
51.1606 1440
51.1618 1440
51.163 1440
51.3296 1440
51.3926 1440
51.3938 1440
51.395 1440
51.3962 1440
51.3973 1440
51.3985 1440
51.3997 1440
51.4009 1440
51.4021 1440
51.4033 1440
51.4045 1440
51.5711 1440
51.6352 1440
51.6364 1440
51.6376 1440
51.6388 1440
51.64 1440
51.6412 1440
51.6424 1440
51.6436 1440
51.6448 1440
51.646 1440
51.6472 1440
51.8125 1440
51.8137 1440
51.8779 1440
51.8791 1440
51.8803 1440
51.8815 1440
51.8827 1440
51.8839 1440
51.8851 1440
51.8863 1440
51.8875 1440
51.8887 1440
51.8899 1440
52.054 1440
52.0552 1440
52.1194 1440
52.1206 1440
52.1218 1440
52.123 1440
52.1242 1440
52.1254 1440
52.1266 1440
52.1278 1440
52.129 1440
52.1302 1440
52.1326 1440
52.1338 1440
52.2967 1440
52.2979 1440
52.3621 1440
52.3633 1440
52.3645 1440
52.3657 1440
52.3669 1440
52.3681 1440
52.3693 1440
52.3705 1440
52.3717 1440
52.3729 1440
52.374 1440
52.3752 1440
52.3764 1440
52.5382 1440
52.612 1440
52.6132 1440
52.6143 1440
52.6155 1440
52.6167 1440
52.6179 1440
52.7797 1440
52.8546 1440
52.8558 1440
52.857 1440
52.8582 1440
52.8594 1440
52.8606 1440
53.0961 1440
53.0973 1440
53.0985 1440
53.0997 1440
53.1009 1440
53.1021 1440
53.1033 1440
53.3021 1440
53.3388 1440
53.34 1440
53.3412 1440
53.3424 1440
53.3436 1440
53.3448 1440
53.346 1440
53.5436 1440
53.5448 1440
53.5815 1440
53.5827 1440
53.5839 1440
53.5851 1440
53.5863 1440
53.5875 1440
53.5887 1440
53.7851 1440
53.7863 1440
53.823 1440
53.8242 1440
53.8254 1440
53.8266 1440
53.8278 1440
53.8289 1440
53.8301 1440
53.8313 1440
54.0278 1440
54.0289 1440
54.0657 1440
54.0669 1440
54.068 1440
54.0692 1440
54.0704 1440
54.0716 1440
54.0728 1440
54.074 1440
54.0752 1440
54.2692 1440
54.2704 1440
54.3071 1440
54.3155 1440
54.3167 1440
54.5107 1440
54.5119 1440
54.5486 1440
54.5582 1440
54.5594 1440
54.7534 1440
54.7558 1440
54.7997 1440
54.8009 1440
54.9949 1440
54.9961 1440
54.9973 1440
55.0412 1440
55.0424 1440
55.2827 1440
55.7242 1440
55.7254 1440
55.9668 1440
55.968 1440
55.9692 1440
55.9704 1440
56.2095 1440
56.2107 1440
56.2119 1440
56.2131 1440
56.2143 1440
56.4522 1440
56.4534 1440
56.4546 1440
56.4558 1440
56.457 1440
56.6558 1440
56.6949 1440
56.6961 1440
56.6973 1440
56.6985 1440
56.6997 1440
56.8973 1440
56.8985 1440
56.9376 1440
56.9388 1440
56.94 1440
56.9411 1440
57.1388 1440
57.14 1440
57.1411 1440
57.179 1440
57.1802 1440
57.1814 1440
57.1826 1440
57.3802 1440
57.3814 1440
57.3826 1440
57.3838 1440
57.385 1440
57.4217 1440
57.4229 1440
57.4241 1440
57.4253 1440
57.6229 1440
57.6241 1440
57.6253 1440
57.6277 1440
57.6632 1440
57.6644 1440
57.6656 1440
57.6668 1440
57.8656 1440
57.8668 1440
57.868 1440
57.8692 1440
57.9047 1440
57.9059 1440
58.1095 1440
58.1107 1440
58.1462 1440
58.1486 1440
58.351 1440
58.3877 1440
58.3889 1440
58.3901 1440
58.3913 1440
58.5901 1440
58.6292 1440
58.6304 1440
58.6316 1440
58.6328 1440
58.634 1440
58.8316 1440
58.8328 1440
58.8719 1440
58.8731 1440
58.8743 1440
58.8755 1440
59.0731 1440
59.0743 1440
59.0755 1440
59.1134 1440
59.1145 1440
59.1157 1440
59.1169 1440
59.3145 1440
59.3157 1440
59.3169 1440
59.3193 1440
59.356 1440
59.3572 1440
59.3584 1440
59.3596 1440
59.5572 1440
59.5584 1440
59.5608 1440
59.562 1440
59.5975 1440
59.5987 1440
59.8035 1440
59.839 1440
59.8402 1440
60.0805 1440
60.0817 1440
60.0829 1440
60.0841 1440
60.2817 1440
60.3232 1440
60.3244 1440
60.3256 1440
60.3268 1440
60.328 1440
60.5647 1440
60.5659 1440
60.5671 1440
60.5683 1440
60.5695 1440
60.5706 1440
60.5718 1440
60.8074 1440
60.8085 1440
60.8097 1440
60.8109 1440
60.8121 1440
60.8145 1440
61.0133 1440
61.05 1440
61.0512 1440
61.0524 1440
61.0536 1440
61.056 1440
61.0572 1440
61.0584 1440
61.2548 1440
61.2915 1440
61.2999 1440
61.4963 1440
61.533 1440
61.7378 1440
61.739 1440
61.9745 1440
61.9757 1440
61.9805 1440
61.9817 1440
62.2172 1440
62.2184 1440
62.2196 1440
62.2232 1440
62.2244 1440
62.4599 1440
62.4611 1440
62.4647 1440
62.4658 1440
62.467 1440
62.6658 1440
62.7025 1440
62.7037 1440
62.7073 1440
62.7085 1440
62.7097 1440
62.9073 1440
62.9085 1440
62.9452 1440
62.9464 1440
62.95 1440
62.9512 1440
63.1488 1440
63.15 1440
63.1512 1440
63.1867 1440
63.1879 1440
63.1915 1440
63.1927 1440
63.3903 1440
63.3915 1440
63.3927 1440
63.3939 1440
63.3951 1440
63.4294 1440
63.4306 1440
63.4342 1440
63.4354 1440
63.633 1440
63.6342 1440
63.6354 1440
63.6366 1440
63.6378 1440
63.6709 1440
63.6721 1440
63.6757 1440
63.6769 1440
63.8745 1440
63.8757 1440
63.8769 1440
63.8781 1440
63.8793 1440
63.8804 1440
63.8816 1440
63.9136 1440
63.9148 1440
63.9183 1440
63.9195 1440
64.1172 1440
64.1183 1440
64.1195 1440
64.1207 1440
64.1219 1440
64.1231 1440
64.155 1440
64.1562 1440
64.1574 1440
64.1598 1440
64.161 1440
64.3586 1440
64.3598 1440
64.361 1440
64.3622 1440
64.3634 1440
64.3646 1440
64.3965 1440
64.3977 1440
64.3989 1440
64.4001 1440
64.4013 1440
64.4025 1440
64.4037 1440
64.6013 1440
64.6025 1440
64.6037 1440
64.6049 1440
64.6061 1440
64.6073 1440
64.6392 1440
64.6404 1440
64.6416 1440
64.6428 1440
64.644 1440
64.6452 1440
64.6464 1440
64.8428 1440
64.844 1440
64.8452 1440
64.8464 1440
64.8476 1440
64.8488 1440
64.8807 1440
64.8819 1440
64.8855 1440
64.8867 1440
64.8879 1440
64.8891 1440
64.8903 1440
64.8915 1440
64.8927 1440
65.0855 1440
65.0867 1440
65.0879 1440
65.0891 1440
65.0903 1440
65.0915 1440
65.1234 1440
65.1246 1440
65.1282 1440
65.1294 1440
65.1306 1440
65.1317 1440
65.1329 1440
65.1341 1440
65.1353 1440
65.3294 1440
65.3306 1440
65.3318 1440
65.333 1440
65.3341 1440
65.3649 1440
65.3661 1440
65.3696 1440
65.3708 1440
65.372 1440
65.3732 1440
65.3744 1440
65.3756 1440
65.3768 1440
65.378 1440
65.3792 1440
65.572 1440
65.5732 1440
65.5744 1440
65.5756 1440
65.6064 1440
65.6076 1440
65.6088 1440
65.6111 1440
65.8147 1440
65.8159 1440
65.8171 1440
65.8479 1440
65.8491 1440
65.8502 1440
65.8526 1440
66.0574 1440
66.0586 1440
66.0598 1440
66.0893 1440
66.0905 1440
66.0917 1440
66.0929 1440
66.2941 1440
66.3001 1440
66.3013 1440
66.3025 1440
66.3308 1440
66.332 1440
66.3332 1440
66.3344 1440
66.5344 1440
66.5416 1440
66.5428 1440
66.544 1440
66.5452 1440
66.5464 1440
66.5735 1440
66.5747 1440
66.5759 1440
66.5771 1440
66.7831 1440
66.7843 1440
66.7855 1440
66.7867 1440
66.7879 1440
66.789 1440
66.7902 1440
66.8162 1440
66.8174 1440
66.8186 1440
66.8198 1440
67.0258 1440
67.0269 1440
67.0281 1440
67.0293 1440
67.0305 1440
67.0317 1440
67.0577 1440
67.0589 1440
67.0601 1440
67.0613 1440
67.0625 1440
67.2613 1440
67.2684 1440
67.2696 1440
67.2708 1440
67.272 1440
67.2732 1440
67.2744 1440
67.3004 1440
67.3016 1440
67.3027 1440
67.3039 1440
67.3051 1440
67.5027 1440
67.5039 1440
67.5111 1440
67.5123 1440
67.5135 1440
67.5147 1440
67.5159 1440
67.5171 1440
67.543 1440
67.5442 1440
67.5454 1440
67.5466 1440
67.5478 1440
67.7442 1440
67.7454 1440
67.7526 1440
67.7538 1440
67.755 1440
67.7562 1440
67.7574 1440
67.7586 1440
67.7845 1440
67.7857 1440
67.7869 1440
67.7881 1440
67.7893 1440
67.7905 1440
67.7917 1440
67.9869 1440
67.9881 1440
67.9953 1440
67.9965 1440
67.9977 1440
67.9989 1440
68.0001 1440
68.0013 1440
68.0272 1440
68.0284 1440
68.0296 1440
68.0308 1440
68.032 1440
68.0332 1440
68.0344 1440
68.2284 1440
68.2296 1440
68.2368 1440
68.238 1440
68.2392 1440
68.2404 1440
68.2415 1440
68.2427 1440
68.2687 1440
68.2699 1440
68.2711 1440
68.2723 1440
68.2735 1440
68.2747 1440
68.2759 1440
68.2771 1440
68.2783 1440
68.4711 1440
68.4723 1440
68.4794 1440
68.4806 1440
68.4818 1440
68.483 1440
68.4842 1440
68.4854 1440
68.5114 1440
68.5126 1440
68.5138 1440
68.515 1440
68.5162 1440
68.5173 1440
68.5185 1440
68.5197 1440
68.7126 1440
68.7138 1440
68.715 1440
68.7209 1440
68.7221 1440
68.7233 1440
68.7245 1440
68.7257 1440
68.7269 1440
68.7529 1440
68.7541 1440
68.7552 1440
68.7564 1440
68.7576 1440
68.7588 1440
68.76 1440
68.7612 1440
68.9541 1440
68.9552 1440
68.9564 1440
68.9576 1440
68.9588 1440
68.9636 1440
68.9648 1440
68.966 1440
68.9672 1440
68.9684 1440
68.9696 1440
68.9955 1440
68.9967 1440
68.9979 1440
68.9991 1440
69.0003 1440
69.0015 1440
69.0027 1440
69.0039 1440
69.1967 1440
69.1979 1440
69.1991 1440
69.2003 1440
69.2015 1440
69.2051 1440
69.2063 1440
69.2075 1440
69.2087 1440
69.2099 1440
69.2111 1440
69.237 1440
69.2382 1440
69.2394 1440
69.2406 1440
69.2418 1440
69.243 1440
69.2442 1440
69.2454 1440
69.4382 1440
69.4394 1440
69.4406 1440
69.4418 1440
69.443 1440
69.4442 1440
69.4454 1440
69.4478 1440
69.449 1440
69.4526 1440
69.4538 1440
69.455 1440
69.4562 1440
69.4797 1440
69.4809 1440
69.4821 1440
69.4833 1440
69.4845 1440
69.4857 1440
69.4869 1440
69.4881 1440
69.6809 1440
69.6821 1440
69.6833 1440
69.6845 1440
69.6857 1440
69.6869 1440
69.6893 1440
69.6905 1440
69.6917 1440
69.6941 1440
69.6952 1440
69.6964 1440
69.6976 1440
69.7212 1440
69.7224 1440
69.7236 1440
69.7248 1440
69.726 1440
69.7272 1440
69.7284 1440
69.7296 1440
69.9224 1440
69.9236 1440
69.9248 1440
69.926 1440
69.9272 1440
69.9284 1440
69.9308 1440
69.932 1440
69.9331 1440
69.9343 1440
69.9355 1440
69.9367 1440
69.9379 1440
69.9391 1440
69.9403 1440
69.9639 1440
69.9651 1440
69.9663 1440
69.9675 1440
69.9687 1440
69.9699 1440
69.971 1440
69.9722 1440
70.1651 1440
70.1663 1440
70.1675 1440
70.1687 1440
70.1699 1440
70.171 1440
70.1734 1440
70.1746 1440
70.1758 1440
70.177 1440
70.1782 1440
70.1794 1440
70.1806 1440
70.1818 1440
70.183 1440
70.2054 1440
70.2066 1440
70.2078 1440
70.2101 1440
70.2113 1440
70.2125 1440
70.2137 1440
70.4066 1440
70.4078 1440
70.4089 1440
70.4101 1440
70.4113 1440
70.4125 1440
70.4149 1440
70.4161 1440
70.4173 1440
70.4185 1440
70.4197 1440
70.4209 1440
70.4221 1440
70.4233 1440
70.4245 1440
70.4257 1440
70.4269 1440
70.448 1440
70.4492 1440
70.4516 1440
70.4528 1440
70.454 1440
70.4552 1440
70.6636 1440
70.6648 1440
70.666 1440
70.6672 1440
70.6684 1440
70.6895 1440
70.6907 1440
70.6943 1440
70.6955 1440
70.6967 1440
70.6979 1440
70.9063 1440
70.9075 1440
70.9087 1440
70.9099 1440
70.9111 1440
70.931 1440
70.9322 1440
70.9358 1440
70.937 1440
70.9382 1440
70.9394 1440
71.1394 1440
71.149 1440
71.1501 1440
71.1513 1440
71.1525 1440
71.1725 1440
71.1737 1440
71.1749 1440
71.1773 1440
71.1785 1440
71.1797 1440
71.1809 1440
71.3809 1440
71.3904 1440
71.3916 1440
71.3928 1440
71.394 1440
71.414 1440
71.4152 1440
71.4164 1440
71.4176 1440
71.4188 1440
71.42 1440
71.4212 1440
71.4224 1440
71.4236 1440
71.6319 1440
71.6331 1440
71.6343 1440
71.6355 1440
71.6555 1440
71.6567 1440
71.6579 1440
71.6591 1440
71.6603 1440
71.6615 1440
71.6627 1440
71.6638 1440
71.665 1440
71.6662 1440
71.6674 1440
71.8746 1440
71.8758 1440
71.877 1440
71.8782 1440
71.8982 1440
71.8994 1440
71.9006 1440
71.9017 1440
71.9029 1440
71.9053 1440
71.9065 1440
71.9077 1440
71.9089 1440
71.9101 1440
72.1089 1440
72.1173 1440
72.1197 1440
72.1209 1440
72.1408 1440
72.142 1440
72.1432 1440
72.1444 1440
72.1468 1440
72.148 1440
72.1492 1440
72.1504 1440
72.3835 1440
72.3847 1440
72.3859 1440
72.3883 1440
72.3895 1440
72.3907 1440
72.3931 1440
72.625 1440
72.6274 1440
72.6286 1440
72.6298 1440
72.631 1440
72.6322 1440
72.6334 1440
72.6346 1440
72.8346 1440
72.8689 1440
72.8701 1440
72.8713 1440
72.8725 1440
72.8737 1440
72.8749 1440
72.8761 1440
72.8773 1440
72.8785 1440
73.1104 1440
73.1116 1440
73.1128 1440
73.114 1440
73.1152 1440
73.1164 1440
73.1176 1440
73.1188 1440
73.12 1440
73.1211 1440
73.1223 1440
73.3531 1440
73.3543 1440
73.3555 1440
73.3567 1440
73.3579 1440
73.359 1440
73.3602 1440
73.3614 1440
73.3626 1440
73.3638 1440
73.365 1440
73.5638 1440
73.5981 1440
73.5993 1440
73.6005 1440
73.6017 1440
73.6029 1440
73.6041 1440
73.6053 1440
73.6065 1440
73.6077 1440
73.6089 1440
73.6101 1440
73.8053 1440
73.8065 1440
73.8408 1440
73.842 1440
73.8432 1440
73.8444 1440
73.8456 1440
73.8468 1440
73.848 1440
73.8492 1440
73.8504 1440
73.8516 1440
73.8528 1440
74.0468 1440
74.048 1440
74.0823 1440
74.0835 1440
74.0847 1440
74.0859 1440
74.0871 1440
74.0883 1440
74.0895 1440
74.0907 1440
74.0931 1440
74.0943 1440
74.0955 1440
74.0967 1440
74.2895 1440
74.2907 1440
74.325 1440
74.3262 1440
74.3274 1440
74.3286 1440
74.3298 1440
74.331 1440
74.3322 1440
74.3334 1440
74.3346 1440
74.3358 1440
74.337 1440
74.5725 1440
74.5737 1440
74.5749 1440
74.5761 1440
74.5772 1440
74.5784 1440
74.8151 1440
74.8163 1440
74.8175 1440
74.8187 1440
74.8199 1440
74.8211 1440
74.8223 1440
74.8235 1440
75.0578 1440
75.059 1440
75.0602 1440
75.0614 1440
75.0626 1440
75.0638 1440
75.065 1440
75.0662 1440
75.0674 1440
75.3005 1440
75.3017 1440
75.3029 1440
75.3041 1440
75.3053 1440
75.3065 1440
75.3077 1440
75.3089 1440
75.3101 1440
75.5089 1440
75.5432 1440
75.5444 1440
75.5456 1440
75.5468 1440
75.548 1440
75.5492 1440
75.5504 1440
75.5516 1440
75.5527 1440
75.7859 1440
75.7871 1440
75.7883 1440
75.7895 1440
75.7906 1440
75.7918 1440
75.793 1440
75.7942 1440
75.7954 1440
75.7966 1440
75.7978 1440
75.9942 1440
76.0285 1440
76.0297 1440
76.0309 1440
76.0321 1440
76.0333 1440
76.0345 1440
76.0357 1440
76.0369 1440
76.0381 1440
76.0393 1440
76.0405 1440
76.2357 1440
76.2369 1440
76.2712 1440
76.2724 1440
76.2736 1440
76.2748 1440
76.276 1440
76.2772 1440
76.2784 1440
76.2796 1440
76.2808 1440
76.282 1440
76.4772 1440
76.4784 1440
76.4796 1440
76.5127 1440
76.5139 1440
76.5151 1440
76.5163 1440
76.5175 1440
76.5187 1440
76.5199 1440
76.5211 1440
76.5223 1440
76.5235 1440
76.7187 1440
76.7199 1440
76.7211 1440
76.7223 1440
76.7235 1440
76.7554 1440
76.7566 1440
76.7578 1440
76.759 1440
76.7602 1440
76.7614 1440
76.7626 1440
76.7638 1440
76.765 1440
76.7662 1440
76.9614 1440
76.9626 1440
76.9638 1440
76.965 1440
76.9662 1440
76.9969 1440
76.9981 1440
76.9993 1440
77.0005 1440
77.0017 1440
77.0029 1440
77.0041 1440
77.0052 1440
77.0064 1440
77.0076 1440
77.2029 1440
77.2041 1440
77.2052 1440
77.2064 1440
77.2076 1440
77.2088 1440
77.21 1440
77.2396 1440
77.2408 1440
77.242 1440
77.2431 1440
77.2443 1440
77.2455 1440
77.2467 1440
77.2479 1440
77.2491 1440
77.2503 1440
77.4455 1440
77.4467 1440
77.4479 1440
77.4491 1440
77.4503 1440
77.4515 1440
77.481 1440
77.4822 1440
77.4834 1440
77.4846 1440
77.4858 1440
77.487 1440
77.4882 1440
77.4894 1440
77.4906 1440
77.4918 1440
77.493 1440
77.687 1440
77.6882 1440
77.6894 1440
77.6906 1440
77.6918 1440
77.693 1440
77.7225 1440
77.7237 1440
77.7249 1440
77.7261 1440
77.7273 1440
77.7285 1440
77.7297 1440
77.7309 1440
77.7321 1440
77.7333 1440
77.7345 1440
77.7357 1440
77.7369 1440
77.9297 1440
77.9309 1440
77.9321 1440
77.9333 1440
77.9345 1440
77.9357 1440
77.9652 1440
77.9664 1440
77.9676 1440
77.9688 1440
77.97 1440
77.9712 1440
77.9724 1440
77.9736 1440
77.9748 1440
77.976 1440
77.9772 1440
77.9784 1440
77.9796 1440
78.1712 1440
78.1724 1440
78.1736 1440
78.1748 1440
78.176 1440
78.1772 1440
78.2067 1440
78.2079 1440
78.2091 1440
78.2103 1440
78.2115 1440
78.2127 1440
78.2139 1440
78.2151 1440
78.2163 1440
78.2175 1440
78.2187 1440
78.2199 1440
78.221 1440
78.2222 1440
78.2234 1440
78.4139 1440
78.4151 1440
78.4163 1440
78.4175 1440
78.4187 1440
78.4199 1440
78.4494 1440
78.4506 1440
78.4518 1440
78.453 1440
78.4542 1440
78.4554 1440
78.4566 1440
78.4578 1440
78.4589 1440
78.4601 1440
78.4613 1440
78.4625 1440
78.4637 1440
78.4649 1440
78.4661 1440
78.6554 1440
78.6566 1440
78.6578 1440
78.6589 1440
78.6601 1440
78.6613 1440
78.6909 1440
78.6921 1440
78.6933 1440
78.6945 1440
78.6957 1440
78.6968 1440
78.698 1440
78.6992 1440
78.7004 1440
78.7016 1440
78.7028 1440
78.704 1440
78.7052 1440
78.7064 1440
78.7076 1440
78.7088 1440
78.71 1440
78.898 1440
78.8992 1440
78.9004 1440
78.9016 1440
78.9028 1440
78.904 1440
78.9336 1440
78.9347 1440
78.9359 1440
78.9371 1440
78.9383 1440
78.9395 1440
78.9407 1440
78.9419 1440
78.9431 1440
78.9443 1440
78.9455 1440
78.9467 1440
78.9479 1440
78.9491 1440
78.9503 1440
78.9515 1440
78.9527 1440
79.1395 1440
79.1407 1440
79.1419 1440
79.1431 1440
79.1443 1440
79.1455 1440
79.175 1440
79.1762 1440
79.1774 1440
79.1786 1440
79.1798 1440
79.181 1440
79.1822 1440
79.1834 1440
79.1846 1440
79.1858 1440
79.187 1440
79.1882 1440
79.1894 1440
79.1906 1440
79.1918 1440
79.193 1440
79.1942 1440
79.1954 1440
79.1966 1440
79.3822 1440
79.3834 1440
79.3846 1440
79.3858 1440
79.387 1440
79.3882 1440
79.4177 1440
79.4189 1440
79.4201 1440
79.4213 1440
79.4225 1440
79.4237 1440
79.4249 1440
79.4261 1440
79.4273 1440
79.4285 1440
79.4297 1440
79.4309 1440
79.4321 1440
79.4333 1440
79.4345 1440
79.4356 1440
79.4368 1440
79.438 1440
79.4392 1440
79.6237 1440
79.6249 1440
79.6261 1440
79.6273 1440
79.6285 1440
79.6297 1440
79.6592 1440
79.6604 1440
79.6616 1440
79.6628 1440
79.664 1440
79.6652 1440
79.6664 1440
79.6676 1440
79.6688 1440
79.67 1440
79.6712 1440
79.6724 1440
79.6735 1440
79.6747 1440
79.6759 1440
79.6771 1440
79.6783 1440
79.6795 1440
79.6807 1440
79.6819 1440
79.6831 1440
79.8664 1440
79.8676 1440
79.8688 1440
79.87 1440
79.8712 1440
79.8724 1440
79.9019 1440
79.9031 1440
79.9043 1440
79.9055 1440
79.9067 1440
79.9079 1440
79.9091 1440
79.9103 1440
79.9114 1440
79.9126 1440
79.9138 1440
79.915 1440
79.9162 1440
79.9174 1440
79.9186 1440
79.9198 1440
79.921 1440
79.9222 1440
79.9234 1440
79.9246 1440
79.9258 1440
80.1079 1440
80.1091 1440
80.1103 1440
80.1114 1440
80.1126 1440
80.1138 1440
80.1434 1440
80.1446 1440
80.1458 1440
80.147 1440
80.1482 1440
80.1493 1440
80.1505 1440
80.1517 1440
80.1529 1440
80.1541 1440
80.1553 1440
80.1565 1440
80.1577 1440
80.1589 1440
80.1613 1440
80.1625 1440
80.1637 1440
80.1649 1440
80.1661 1440
80.1673 1440
80.1685 1440
80.1697 1440
80.3505 1440
80.3517 1440
80.3529 1440
80.3541 1440
80.3553 1440
80.3565 1440
80.3861 1440
80.3872 1440
80.3884 1440
80.3896 1440
80.3908 1440
80.392 1440
80.3932 1440
80.3944 1440
80.3956 1440
80.3968 1440
80.398 1440
80.3992 1440
80.4004 1440
80.4016 1440
80.4028 1440
80.404 1440
80.4052 1440
80.6323 1440
80.6335 1440
80.6347 1440
80.6359 1440
80.6371 1440
80.6383 1440
80.6395 1440
80.6407 1440
80.6419 1440
80.6431 1440
80.6443 1440
80.6455 1440
80.6467 1440
80.875 1440
80.8762 1440
80.8774 1440
80.8786 1440
80.8798 1440
80.881 1440
80.8822 1440
80.8834 1440
80.8846 1440
80.8858 1440
80.887 1440
80.8882 1440
80.8894 1440
80.8905 1440
81.0882 1440
81.1177 1440
81.1189 1440
81.1201 1440
81.1213 1440
81.1249 1440
81.1261 1440
81.1273 1440
81.1284 1440
81.1296 1440
81.1308 1440
81.132 1440
81.1332 1440
81.1344 1440
81.1356 1440
81.1368 1440
81.3592 1440
81.3604 1440
81.3616 1440
81.3628 1440
81.3663 1440
81.3675 1440
81.3687 1440
81.3699 1440
81.3711 1440
81.3723 1440
81.3735 1440
81.3747 1440
81.3771 1440
81.3783 1440
81.3795 1440
81.3807 1440
81.6019 1440
81.6031 1440
81.6042 1440
81.6054 1440
81.609 1440
81.6102 1440
81.6114 1440
81.6126 1440
81.6138 1440
81.615 1440
81.6162 1440
81.6174 1440
81.6186 1440
81.6198 1440
81.621 1440
81.6222 1440
81.8553 1440
81.8565 1440
81.8577 1440
81.8589 1440
81.8601 1440
81.8613 1440
81.8625 1440
81.8637 1440
82.098 1440
82.0992 1440
82.1004 1440
82.1016 1440
82.1028 1440
82.104 1440
82.1052 1440
82.1064 1440
82.1075 1440
82.3407 1440
82.3419 1440
82.3431 1440
82.3443 1440
82.3454 1440
82.3466 1440
82.3478 1440
82.349 1440
82.3502 1440
82.549 1440
82.5857 1440
82.5869 1440
82.5881 1440
82.5893 1440
82.5905 1440
82.5917 1440
82.5929 1440
82.5941 1440
82.5953 1440
82.7905 1440
82.7917 1440
82.8284 1440
82.8296 1440
82.8308 1440
82.832 1440
82.8332 1440
82.8344 1440
82.8356 1440
82.8368 1440
82.838 1440
83.032 1440
83.0332 1440
83.0699 1440
83.0711 1440
83.0723 1440
83.0735 1440
83.0747 1440
83.0759 1440
83.0771 1440
83.0783 1440
83.0795 1440
83.0807 1440
83.0819 1440
83.2747 1440
83.2759 1440
83.3126 1440
83.3138 1440
83.315 1440
83.3162 1440
83.3174 1440
83.3186 1440
83.3198 1440
83.321 1440
83.3221 1440
83.3233 1440
83.3245 1440
83.5162 1440
83.5174 1440
83.5541 1440
83.5553 1440
83.5565 1440
83.5577 1440
83.5589 1440
83.56 1440
83.5612 1440
83.5624 1440
83.5636 1440
83.5648 1440
83.566 1440
83.5672 1440
83.5684 1440
83.7589 1440
83.76 1440
83.7968 1440
83.7979 1440
83.7991 1440
83.8003 1440
83.8015 1440
83.8027 1440
83.8039 1440
83.8051 1440
83.8063 1440
83.8075 1440
83.8087 1440
83.8099 1440
84.0003 1440
84.0015 1440
84.0027 1440
84.0382 1440
84.0394 1440
84.0406 1440
84.0418 1440
84.043 1440
84.0442 1440
84.0454 1440
84.0466 1440
84.0478 1440
84.049 1440
84.0502 1440
84.0514 1440
84.2418 1440
84.243 1440
84.2442 1440
84.2454 1440
84.2466 1440
84.2809 1440
84.2821 1440
84.2833 1440
84.2845 1440
84.2857 1440
84.2869 1440
84.2881 1440
84.2893 1440
84.2905 1440
84.2917 1440
84.2929 1440
84.2941 1440
84.4845 1440
84.4857 1440
84.4869 1440
84.4881 1440
84.4893 1440
84.5224 1440
84.5236 1440
84.5248 1440
84.526 1440
84.5272 1440
84.5284 1440
84.5296 1440
84.5308 1440
84.532 1440
84.5332 1440
84.5344 1440
84.5356 1440
84.726 1440
84.7272 1440
84.7284 1440
84.7296 1440
84.7308 1440
84.732 1440
84.7332 1440
84.7651 1440
84.7663 1440
84.7675 1440
84.7687 1440
84.7699 1440
84.7711 1440
84.7723 1440
84.7735 1440
84.7747 1440
84.7758 1440
84.777 1440
84.7782 1440
84.9687 1440
84.9699 1440
84.9711 1440
84.9723 1440
84.9735 1440
84.9747 1440
85.0066 1440
85.0078 1440
85.009 1440
85.0102 1440
85.0114 1440
85.0126 1440
85.0137 1440
85.0149 1440
85.0161 1440
85.0173 1440
85.0185 1440
85.0197 1440
85.0209 1440
85.2102 1440
85.2114 1440
85.2126 1440
85.2137 1440
85.2149 1440
85.2161 1440
85.2481 1440
85.2493 1440
85.2505 1440
85.2516 1440
85.2528 1440
85.254 1440
85.2552 1440
85.2564 1440
85.2576 1440
85.2588 1440
85.26 1440
85.2612 1440
85.2624 1440
85.2636 1440
85.2648 1440
85.4528 1440
85.454 1440
85.4552 1440
85.4564 1440
85.4576 1440
85.4588 1440
85.4907 1440
85.4919 1440
85.4931 1440
85.4943 1440
85.4955 1440
85.4967 1440
85.4979 1440
85.4991 1440
85.5003 1440
85.5015 1440
85.5027 1440
85.5039 1440
85.5051 1440
85.5063 1440
85.5075 1440
85.6943 1440
85.6955 1440
85.6967 1440
85.6979 1440
85.6991 1440
85.7003 1440
85.7334 1440
85.7346 1440
85.7358 1440
85.737 1440
85.7382 1440
85.7394 1440
85.7406 1440
85.7418 1440
85.743 1440
85.7442 1440
85.7454 1440
85.7466 1440
85.7478 1440
85.749 1440
85.7502 1440
85.7514 1440
85.937 1440
85.9382 1440
85.9394 1440
85.9406 1440
85.9418 1440
85.943 1440
85.9749 1440
85.9761 1440
85.9773 1440
85.9928 1440
86.1785 1440
86.1797 1440
86.1809 1440
86.1821 1440
86.1833 1440
86.1845 1440
86.2164 1440
86.2176 1440
86.2188 1440
86.42 1440
86.4212 1440
86.4224 1440
86.4236 1440
86.4248 1440
86.426 1440
86.4272 1440
86.4284 1440
86.4579 1440
86.4591 1440
86.4603 1440
86.4615 1440
86.6627 1440
86.6639 1440
86.6651 1440
86.6663 1440
86.6675 1440
86.6686 1440
86.6698 1440
86.671 1440
86.6722 1440
86.7006 1440
86.7018 1440
86.703 1440
86.7042 1440
86.9054 1440
86.9065 1440
86.9077 1440
86.9089 1440
86.9101 1440
86.9113 1440
86.9125 1440
86.9137 1440
86.9149 1440
86.9421 1440
86.9433 1440
86.9445 1440
86.9457 1440
87.1457 1440
87.148 1440
87.1492 1440
87.1504 1440
87.1516 1440
87.1528 1440
87.154 1440
87.1552 1440
87.1564 1440
87.1836 1440
87.1847 1440
87.1859 1440
87.1871 1440
87.1883 1440
87.3871 1440
87.3895 1440
87.3907 1440
87.3919 1440
87.3931 1440
87.3943 1440
87.3955 1440
87.3967 1440
87.3979 1440
87.425 1440
87.4262 1440
87.4274 1440
87.4286 1440
87.4298 1440
87.431 1440
87.4322 1440
87.631 1440
87.6322 1440
87.6334 1440
87.6346 1440
87.6358 1440
87.637 1440
87.6382 1440
87.6394 1440
87.6665 1440
87.6677 1440
87.6689 1440
87.6701 1440
87.6713 1440
87.6725 1440
87.6737 1440
87.6749 1440
87.6761 1440
87.8749 1440
87.8761 1440
87.8773 1440
87.8785 1440
87.8797 1440
87.8809 1440
87.8821 1440
87.9092 1440
87.9104 1440
87.9116 1440
87.9128 1440
87.914 1440
87.9152 1440
87.9164 1440
87.9176 1440
87.9188 1440
88.1164 1440
88.1176 1440
88.1188 1440
88.12 1440
88.1567 1440
88.1579 1440
88.1591 1440
88.1603 1440
88.3579 1440
88.3591 1440
88.3603 1440
88.3615 1440
88.3994 1440
88.4006 1440
88.4017 1440
88.4029 1440
88.6006 1440
88.6017 1440
88.6029 1440
88.6041 1440
88.6053 1440
88.642 1440
88.6432 1440
88.6444 1440
88.6456 1440
88.8432 1440
88.8444 1440
88.8456 1440
88.8468 1440
88.848 1440
88.8835 1440
88.8847 1440
88.8859 1440
88.8871 1440
89.0847 1440
89.0859 1440
89.0871 1440
89.0883 1440
89.0895 1440
89.0907 1440
89.0919 1440
89.1262 1440
89.1274 1440
89.1286 1440
89.1298 1440
89.3274 1440
89.3286 1440
89.3298 1440
89.331 1440
89.3322 1440
89.3334 1440
89.3346 1440
89.3677 1440
89.3689 1440
89.3713 1440
89.5689 1440
89.5701 1440
89.5713 1440
89.5725 1440
89.5737 1440
89.5749 1440
89.5761 1440
89.5773 1440
89.5784 1440
89.6104 1440
89.6116 1440
89.6128 1440
89.8104 1440
89.8116 1440
89.8519 1440
89.8531 1440
89.8543 1440
90.0519 1440
90.0531 1440
90.0945 1440
90.0957 1440
90.0969 1440
