1.0884 0.07065811914277838
1.09079 0.13533164408788614
1.29079 0.14376790702053346
1.53228 0.19202307362907697
1.77496 0.2880358690427639
2.01644 0.40810464246405737
2.25793 0.6045994703171216
2.49941 0.847839006408047
2.75048 1.0161042292887947
2.99316 0.9846117842157428
3.23345 0.8367917182378308
3.47613 0.7406343511384752
3.72001 0.7382070074666781
3.9603 0.7545036827827757
4.20179 0.710404377622619
4.44447 0.6801744041067628
4.68715 0.6639632408488426
4.92864 0.6639723607219379
5.17013 0.6650594173488332
5.41161 0.6661592193206087
5.65429 0.6952989567855377
5.89698 0.73941360912712
6.13846 0.7545140462749294
6.37995 0.7708643246543314
6.62263 0.7708643246543314
6.8689 0.7658279928037398
7.11158 0.7195990202366178
7.35427 0.6896063175454408
7.59575 0.6639723607219379
7.83843 0.6790626416474365
8.10946 0.6536109224408037
8.35214 0.5467552893682223
8.59482 0.43505615743551873
8.83631 0.30453931020486324
9.07899 0.31854082099977654
9.32167 0.34707646128646774
9.56435 0.37410552328627256
9.80584 0.3923473040629635
10.0485 0.4225394735034746
10.2912 0.4376181468394592
10.5339 0.4611381463312267
10.7754 0.4828491965389375
11.0181 0.5130272713226196
11.2607 0.5281888521634616
11.5034 0.5493164062500007
11.7166 0.5966563795197942
11.9592 0.6280593468629413
12.2019 0.6594623142060884
12.4434 0.6640088427197802
12.6849 0.6801276181386702
12.9276 0.6952415652084184
13.1691 0.7254694593479148
13.4106 0.6045578827899291
13.6532 0.4685968242638963
13.8947 0.3325525849614748
14.1374 0.3470955314217033
14.3801 0.37727775154532966
14.6216 0.3923149721878856
14.8631 0.3929626238134552
15.1046 0.393612417321207
15.3472 0.42324874449642247
15.5899 0.46782441191620877
15.8314 0.48291552197802196
16.0729 0.4987602533016915
16.3156 0.4987602533016915
16.6009 0.45615998442973915
16.8436 0.3700538039253797
17.0472 0.2848529399222157
17.2899 0.25468161402492
17.5326 0.2705992149014789
17.7752 0.30132551083378967
18.0167 0.301822201236263
18.2961 0.3017037931541791
18.5376 0.2877885559921412
18.7803 0.24420446930570042
19.0218 0.17265052056050278
19.2645 0.1292847190441944
19.5072 0.13580133652657578
19.7487 0.13580133652657642
19.9913 0.15066275541689547
20.234 0.1660022106799447
20.4779 0.19956999318801047
20.7194 0.19583472593582932
20.9633 0.19551302618069835
21.4036 0.11837440065725667
21.6462 0.10224067120773424
21.8889 0.07942197343282047
22.1328 0.07922560716493245
22.3755 0.10544946781160039
22.617 0.10562326174289227
23.1012 0.0794137720724908
23.5841 0.05672998102344319
23.8256 0.05687093966766739
24.2671 0.05942410279640858
24.711 0.07444993082222749
24.9549 0.11181200476155873
25.4379 0.13557788718634337
25.8781 0.09507856447425372
26.1208 0.09088059662909743
26.3635 0.07942197343282047
26.6074 0.07922560716493274
26.8501 0.10544946781159986
27.0916 0.10562326174289227
27.3343 0.10579762948823765
27.5769 0.1056377704326926
27.8196 0.10546392879182633
28.0623 0.12053020433351638
28.3038 0.1207122991347346
28.5465 0.15089037391841753
28.7891 0.1660022106799447
29.0318 0.19988121345029222
29.2733 0.21127554086538525
29.516 0.24145776098901173
29.7587 0.2565136356613098
30.0014 0.2864006289103237
30.2428 0.3018222012362647
30.4855 0.33200442135989117
30.7282 0.3470955314217024
30.9709 0.3734891883498949
31.2124 0.39231497218788736
31.4551 0.3923149721878856
31.6977 0.4074599716689549
31.9404 0.4323623819362459
32.1512 0.5041768248960262
32.3939 0.5356110643102939
32.6365 0.5514434022300311
32.9147 0.4741059606708479
33.1586 0.3729527761457101
33.361 0.2573619651715598
33.644 0.20954849284741098
34.0843 0.13021184072298234
34.327 0.11358900046526077
34.5696 0.07942197343282047
34.572 0.10546392879182583
35.055 0.12072888049450524
35.2977 0.15089037391841825
35.5404 0.1659794113102601
35.783 0.19988121345029222
36.0245 0.21127554086538416
36.2672 0.24145776098901048
36.5099 0.25654887105082363
36.7526 0.2864006289103223
36.9941 0.3017807478368336
37.2367 0.3320044213598893
37.4794 0.3320044213598893
37.7233 0.3012310884253812
37.966 0.24066436199342733
38.2075 0.16570630656108548
38.4502 0.13580133652657514
38.6917 0.13602552362773412
38.8928 0.15116026589157863
39.1355 0.19204069555717337
39.377 0.19650834565905223
39.6185 0.2116243722482121
39.86 0.21194514778834336
40.1027 0.2418231531159717
40.3454 0.2866917104449947
40.5868 0.30182220123626596
40.8283 0.31743655837231816
41.071 0.33255258496147616
41.3137 0.37722593479604555
41.5552 0.39231497218788736
41.7967 0.40807657088320215
42.0393 0.4232487444964242
42.282 0.4678244119162122
42.5235 0.48291552197802057
42.765 0.4987602533016915
43.0077 0.5289881474411879
43.2492 0.5592160415806844
43.4906 0.5895250369771623
43.7333 0.6197570901554783
43.9748 0.649989143333788
44.2163 0.6802211965121103
44.459 0.7103555122781666
44.7005 0.7254694593479148
44.942 0.6801276181386702
45.1835 0.590418625981808
45.4261 0.5441769572096883
45.6688 0.558371072287092
45.9103 0.5734621823488996
46.1518 0.5894439357201808
46.3945 0.6045578827899291
46.6372 0.6488286078491986
46.8786 0.6640088427197787
47.1201 0.6802211965121103
47.3628 0.6802211965121103
47.6103 0.7045400762382314
47.8885 0.6281164728430318
48.0873 0.6206965042372915
48.3288 0.5601407477263307
48.5702 0.5753589701626242
48.8129 0.6046410635663203
49.0556 0.6489177326579655
49.341 0.6261637791450789
49.5398 0.6639176452410405
49.824 0.513913477780667
50.0228 0.423890295576687
50.2642 0.30282051061190746
50.5057 0.2876794850813121
50.7472 0.30282051061190746
50.9899 0.33255258496147616
51.2326 0.37722593479604555
51.4741 0.39231497218788736
51.7156 0.40807657088320215
51.9582 0.4232487444964242
52.2009 0.4678244119162122
52.446 0.48053922908693275
52.6863 0.4820547099958854
52.9278 0.39231497218788736
53.1705 0.3173928884647161
53.4119 0.22674039883736796
53.6546 0.22636665092719732
53.8973 0.24145776098901048
54.0997 0.2551251814223513
54.3424 0.2870158291001452
54.5839 0.28716499432521636
54.8254 0.3173928884647128
55.068 0.33255258496147616
55.3107 0.36218664148351915
55.5522 0.36218664148351554
55.7937 0.28716499432521636
56.0755 0.20079450881201086
56.2767 0.13625045214964931
56.5182 0.136250452149648
56.7609 0.15113947069748235
57.0023 0.18139231906989609
57.2035 0.1760373042607441
57.4462 0.1965083456590541
57.6877 0.2267403988373701
57.9292 0.2418231531159717
58.1707 0.24222302604382098
58.4122 0.2573619651715598
58.6537 0.21194514778834136
58.8963 0.16627629248073808
59.139 0.10563777043269208
59.3817 0.12053020433351638
59.6232 0.1207122991347346
59.8659 0.1508903739184168
60.1086 0.16597941131025848
60.3512 0.19988121345029222
60.5927 0.21127554086538416
60.8354 0.22636665092719732
61.0769 0.22670920604622347
61.2805 0.2418231531159717
61.5232 0.2870158291001452
61.7646 0.28720450519399937
62.0061 0.31743655837231505
62.2488 0.3325525849614729
62.4915 0.3772259347960421
62.733 0.39231497218788736
62.9745 0.40807657088320215
63.2171 0.4232487444964199
63.4598 0.46782441191620744
63.7013 0.4980066320398337
63.944 0.528116308714459
64.1867 0.5582943834981423
64.4282 0.5884724582818256
64.6708 0.6187355125343391
64.9135 0.6489177326579718
65.155 0.6790999527815984
65.3977 0.7242737948084079
65.6392 0.7556973534874113
65.8819 0.7997189817676172
66.1708 0.7520023125726488
66.4135 0.6233377659574518
66.6562 0.48167009187621246
66.8989 0.39166945187166025
67.1403 0.39236886160714574
67.383 0.4225510817307723
67.6257 0.4376421917925856
67.8684 0.4611260493179436
68.1099 0.4828491965389382
68.3526 0.5130272713226218
68.5952 0.5281888521634555
68.8379 0.5493164062499964
69.0794 0.5734621823488943
69.3221 0.6035614956736614
69.5648 0.6337395704573444
69.8062 0.6391622867909472
70.0489 0.694191062843398
70.2916 0.709282172905211
70.5343 0.7273787159030705
70.777 0.7682746940559488
70.9949 0.8109142122072441
71.2364 0.8279189401748903
71.4779 0.860629606715565
71.7206 0.8917228771151453
71.962 0.9371936485277964
72.2047 0.9960132640796573
72.4462 1.0278898080627235
72.6889 1.0713216548207702
72.9563 1.0361706919168534
73.199 0.9908094330238654
73.4417 0.9325265251989516
73.6844 0.9339810006170358
73.9259 0.935520318294194
74.1685 0.965831043956051
74.4112 0.965831043956051
74.6527 0.9150353892396582
74.8942 0.8614949829756489
75.1357 0.8023637737701494
75.3772 0.8023637737701494
75.6199 0.8142407315388688
75.8613 0.8385387026312346
76.0841 0.8751641687268089
76.3267 0.9310447563559335
76.5682 0.9220776219386198
76.8097 0.9523096751169351
77.0524 0.9672926124638864
77.2951 1.0109655052533828
77.5366 1.0260545426452243
77.778 1.0278898080627235
78.0195 1.01444871054989
78.2846 0.9971573845435121
78.5273 0.9515140947701505
78.7699 0.9062697495343143
79.0114 0.8331834794105939
79.2685 0.8162417923944181
79.5111 0.6955245445514511
79.7538 0.5493886942360823
79.9953 0.3903037623355237
80.238 0.4041213708617958
80.4807 0.422493046971571
80.7234 0.3602547260296434
80.966 0.2862592352921042
81.2087 0.21092785758365568
81.4526 0.1955397941196597
81.6953 0.1955397941196597
81.9392 0.19519238161131522
83.6221 0.024889732951970913
84.5941 0.12051367749897245
84.8356 0.1207122991347346
85.0782 0.15091110061813298
85.3209 0.16600221067994628
85.5636 0.19988121345029408
85.8051 0.2112465234857856
86.0478 0.24142459826946927
86.2904 0.2565488710508212
86.5331 0.272116066190849
86.7746 0.28673109117444723
87.0173 0.24142459826946452
87.26 0.1810684487020984
87.5027 0.12051367749897011
87.7454 0.12051367749897011
87.9868 0.12072888049450405
88.2295 0.15091110061813007
88.4722 0.16600221067994628
88.7149 0.19988121345029408
88.9564 0.2112465234857856
89.199 0.22636665092719946
89.4417 0.22636665092719946
89.6832 0.22950940070505232
89.8868 0.27110985357091416
