0.120056 0
0.360163 0
0.36155 1440
0.603036 1440
0.604231 1440
0.845717 1440
0.846912 1440
0.848108 1440
1.0884 1440
1.08959 1440
1.09079 1440
1.28959 1440
1.29079 1440
1.33108 1440
1.33228 1440
1.33347 1440
1.53108 1440
1.53228 1440
1.53347 1440
1.57257 1440
1.57376 1440
1.57496 1440
1.57615 1440
1.57735 1440
1.57854 1440
1.77376 1440
1.77496 1440
1.77615 1440
1.81405 1440
1.81525 1440
1.81644 1440
1.81764 1440
1.81883 1440
1.82003 1440
1.82122 1440
1.82242 1440
1.82361 1440
2.01525 1440
2.01644 1440
2.01764 1440
2.01883 1440
2.02003 1440
2.02122 1440
2.05673 1440
2.05793 1440
2.05912 1440
2.06032 1440
2.06151 1440
2.06271 1440
2.0639 1440
2.0651 1440
2.06629 1440
2.06749 1440
2.06869 1440
2.06988 1440
2.25673 1440
2.25793 1440
2.25912 1440
2.26032 1440
2.26151 1440
2.26271 1440
2.2639 1440
2.2651 1440
2.26629 1440
2.29822 1440
2.29941 1440
2.30061 1440
2.3018 1440
2.3042 1440
2.30539 1440
2.30659 1440
2.30778 1440
2.30898 1440
2.31017 1440
2.31137 1440
2.31256 1440
2.31495 1440
2.31615 1440
2.31734 1440
2.31854 1440
2.49822 1440
2.49941 1440
2.50061 1440
2.5018 1440
2.503 1440
2.5042 1440
2.50539 1440
2.50659 1440
2.50778 1440
2.50898 1440
2.51017 1440
2.51137 1440
2.51256 1440
2.51376 1440
2.51495 1440
2.5409 1440
2.5421 1440
2.54329 1440
2.54449 1440
2.54568 1440
2.54688 1440
2.54807 1440
2.54927 1440
2.55046 1440
2.74928 1440
2.75048 1440
2.75167 1440
2.75287 1440
2.75406 1440
2.75526 1440
2.75645 1440
2.7824 1440
2.7836 1440
2.78479 1440
2.78599 1440
2.78718 1440
2.78838 1440
2.78957 1440
2.79077 1440
2.79316 1440
2.99077 1440
2.99316 1440
2.99435 1440
2.99555 1440
2.99674 1440
2.99794 1440
2.99913 1440
3.02508 1440
3.02628 1440
3.02747 1440
3.02867 1440
3.02986 1440
3.03106 1440
3.03225 1440
3.03345 1440
3.23225 1440
3.23345 1440
3.23464 1440
3.23584 1440
3.23704 1440
3.23823 1440
3.23943 1440
3.24062 1440
3.24182 1440
3.26776 1440
3.26896 1440
3.27015 1440
3.27135 1440
3.27255 1440
3.27374 1440
3.27494 1440
3.27613 1440
3.47494 1440
3.47613 1440
3.47733 1440
3.47852 1440
3.47972 1440
3.48091 1440
3.48211 1440
3.4833 1440
3.4845 1440
3.50925 1440
3.51045 1440
3.51164 1440
3.51284 1440
3.51403 1440
3.51523 1440
3.51642 1440
3.51762 1440
3.71642 1440
3.71762 1440
3.71881 1440
3.72001 1440
3.7212 1440
3.7224 1440
3.72359 1440
3.72479 1440
3.72598 1440
3.72718 1440
3.72837 1440
3.75193 1440
3.75313 1440
3.75432 1440
3.75552 1440
3.7591 1440
3.7603 1440
3.76149 1440
3.76269 1440
3.9591 1440
3.9603 1440
3.96149 1440
3.96269 1440
3.96388 1440
3.96508 1440
3.96627 1440
3.96747 1440
3.96866 1440
3.96986 1440
3.97106 1440
3.99342 1440
3.99461 1440
3.99581 1440
3.997 1440
4.00059 1440
4.00178 1440
4.00298 1440
4.00417 1440
4.20059 1440
4.20178 1440
4.20298 1440
4.20417 1440
4.20537 1440
4.20657 1440
4.20776 1440
4.20896 1440
4.21015 1440
4.21135 1440
4.21254 1440
4.21374 1440
4.21493 1440
4.2361 1440
4.23729 1440
4.23849 1440
4.23968 1440
4.24327 1440
4.24447 1440
4.24566 1440
4.24686 1440
4.44327 1440
4.44447 1440
4.44566 1440
4.44686 1440
4.44805 1440
4.44925 1440
4.45044 1440
4.45164 1440
4.45283 1440
4.45403 1440
4.45522 1440
4.45642 1440
4.45761 1440
4.47759 1440
4.47878 1440
4.47998 1440
4.48117 1440
4.48476 1440
4.48595 1440
4.48715 1440
4.48834 1440
4.68476 1440
4.68595 1440
4.68715 1440
4.68834 1440
4.68954 1440
4.69073 1440
4.69193 1440
4.69312 1440
4.69432 1440
4.69551 1440
4.69671 1440
4.6979 1440
4.6991 1440
4.70029 1440
4.70149 1440
4.72027 1440
4.72146 1440
4.72266 1440
4.72385 1440
4.72744 1440
4.72863 1440
4.72983 1440
4.73102 1440
4.92744 1440
4.92863 1440
4.93102 1440
4.93222 1440
4.93341 1440
4.93461 1440
4.9358 1440
4.937 1440
4.93819 1440
4.93939 1440
4.94059 1440
4.94178 1440
4.94298 1440
4.94417 1440
4.96175 1440
4.96295 1440
4.96414 1440
4.96534 1440
4.96892 1440
4.97012 1440
4.97131 1440
4.97251 1440
5.16892 1440
5.17012 1440
5.17252 1440
5.17371 1440
5.17491 1440
5.1761 1440
5.20683 1440
5.21042 1440
5.21161 1440
5.21281 1440
5.214 1440
5.41042 1440
5.41161 1440
5.41401 1440
5.41521 1440
5.4164 1440
5.4176 1440
5.4519 1440
5.4531 1440
5.45429 1440
5.45549 1440
5.6519 1440
5.6531 1440
5.65429 1440
5.6555 1440
5.65669 1440
5.65789 1440
5.65908 1440
5.69339 1440
5.69459 1440
5.69578 1440
5.69698 1440
5.89339 1440
5.89459 1440
5.89578 1440
5.89698 1440
5.89817 1440
5.89937 1440
5.90056 1440
5.90176 1440
5.90295 1440
5.93607 1440
5.93727 1440
5.93846 1440
5.93966 1440
6.13607 1440
6.13727 1440
6.13846 1440
6.13966 1440
6.14085 1440
6.14205 1440
6.14444 1440
6.14563 1440
6.17756 1440
6.17875 1440
6.17995 1440
6.18114 1440
6.37756 1440
6.37875 1440
6.37995 1440
6.38114 1440
6.38234 1440
6.38353 1440
6.38473 1440
6.38593 1440
6.38713 1440
6.38832 1440
6.41905 1440
6.62503 1440
6.62622 1440
6.62743 1440
6.62862 1440
6.62982 1440
6.66054 1440
6.86771 1440
6.8689 1440
6.87011 1440
6.8713 1440
6.90202 1440
6.90322 1440
6.90441 1440
7.11039 1440
7.11158 1440
7.11279 1440
7.11398 1440
7.1447 1440
7.1459 1440
7.3459 1440
7.34709 1440
7.35307 1440
7.35427 1440
7.35547 1440
7.35666 1440
7.38739 1440
7.38858 1440
7.58858 1440
7.58978 1440
7.59097 1440
7.59575 1440
7.59695 1440
7.59815 1440
7.59935 1440
7.63007 1440
7.63126 1440
7.83126 1440
7.83246 1440
7.83724 1440
7.83843 1440
7.83963 1440
7.84082 1440
7.84202 1440
7.87155 1440
7.87275 1440
8.07275 1440
8.07394 1440
8.07514 1440
8.07992 1440
8.08111 1440
8.08231 1440
8.0835 1440
8.0847 1440
8.11304 1440
8.11423 1440
8.31423 1440
8.31543 1440
8.31662 1440
8.32141 1440
8.3226 1440
8.32499 1440
8.32619 1440
8.32738 1440
8.32858 1440
8.35572 1440
8.35692 1440
8.55692 1440
8.55811 1440
8.56289 1440
8.56409 1440
8.56648 1440
8.56768 1440
8.56888 1440
8.57007 1440
8.80558 1440
8.80798 1440
8.80917 1440
8.81037 1440
8.81156 1440
9.04946 1440
9.05066 1440
9.05186 1440
9.05305 1440
9.05425 1440
9.25305 1440
9.29215 1440
9.29334 1440
9.29454 1440
9.29573 1440
9.29693 1440
9.49454 1440
9.49573 1440
9.53483 1440
9.53602 1440
9.53722 1440
9.53841 1440
9.53961 1440
9.73602 1440
9.73722 1440
9.77631 1440
9.77751 1440
9.7787 1440
9.7799 1440
9.78109 1440
9.78229 1440
9.78348 1440
9.9787 1440
9.9799 1440
10.019 1440
10.0202 1440
10.0214 1440
10.0226 1440
10.0238 1440
10.025 1440
10.0262 1440
10.2202 1440
10.2214 1440
10.2605 1440
10.2617 1440
10.2629 1440
10.2641 1440
10.2653 1440
10.2665 1440
10.2677 1440
10.2688 1440
10.27 1440
10.4629 1440
10.4641 1440
10.5032 1440
10.5044 1440
10.5056 1440
10.5067 1440
10.5079 1440
10.5091 1440
10.5103 1440
10.5115 1440
10.5127 1440
10.7044 1440
10.7056 1440
10.7446 1440
10.7458 1440
10.747 1440
10.7482 1440
10.7494 1440
10.7506 1440
10.7518 1440
10.753 1440
10.7542 1440
10.7554 1440
10.7566 1440
10.947 1440
10.9482 1440
10.9873 1440
10.9885 1440
10.9897 1440
10.9909 1440
10.9921 1440
10.9933 1440
10.9945 1440
10.9957 1440
10.9969 1440
10.9981 1440
11.1885 1440
11.1897 1440
11.1909 1440
11.2288 1440
11.23 1440
11.2312 1440
11.2324 1440
11.2336 1440
11.2348 1440
11.236 1440
11.2372 1440
11.2384 1440
11.2396 1440
11.43 1440
11.4312 1440
11.4324 1440
11.4336 1440
11.4348 1440
11.4715 1440
11.4727 1440
11.4739 1440
11.4751 1440
11.4763 1440
11.4775 1440
11.4787 1440
11.4799 1440
11.4811 1440
11.4823 1440
11.6727 1440
11.6739 1440
11.6751 1440
11.6763 1440
11.6775 1440
11.713 1440
11.7142 1440
11.7154 1440
11.7166 1440
11.7178 1440
11.719 1440
11.7202 1440
11.7213 1440
11.7225 1440
11.7237 1440
11.9142 1440
11.9154 1440
11.9166 1440
11.9178 1440
11.919 1440
11.9202 1440
11.9213 1440
11.9557 1440
11.9569 1440
11.9581 1440
11.9592 1440
11.9604 1440
11.9616 1440
11.9628 1440
11.964 1440
11.9652 1440
11.9664 1440
12.1569 1440
12.1581 1440
12.1592 1440
12.1604 1440
12.1616 1440
12.1628 1440
12.1972 1440
12.1983 1440
12.1995 1440
12.2007 1440
12.2019 1440
12.2031 1440
12.2043 1440
12.2055 1440
12.2067 1440
12.2079 1440
12.2091 1440
12.3983 1440
12.3995 1440
12.4007 1440
12.4019 1440
12.4031 1440
12.4043 1440
12.4386 1440
12.4398 1440
12.441 1440
12.4422 1440
12.4434 1440
12.4446 1440
12.4458 1440
12.447 1440
12.4482 1440
12.4494 1440
12.4506 1440
12.4518 1440
12.453 1440
12.641 1440
12.6422 1440
12.6434 1440
12.6446 1440
12.6458 1440
12.647 1440
12.6813 1440
12.6825 1440
12.6837 1440
12.6849 1440
12.6861 1440
12.6873 1440
12.6885 1440
12.6897 1440
12.6909 1440
12.6921 1440
12.6933 1440
12.6945 1440
12.6957 1440
12.8825 1440
12.8837 1440
12.8849 1440
12.8861 1440
12.8873 1440
12.8885 1440
12.9228 1440
12.924 1440
12.9252 1440
12.9264 1440
12.9276 1440
12.9288 1440
12.93 1440
12.9312 1440
12.9324 1440
12.9336 1440
12.9348 1440
12.936 1440
12.9371 1440
12.9383 1440
12.9395 1440
13.1252 1440
13.1264 1440
13.1276 1440
13.1288 1440
13.13 1440
13.1312 1440
13.1655 1440
13.1667 1440
13.1703 1440
13.1715 1440
13.1727 1440
13.1739 1440
13.175 1440
13.1762 1440
13.1774 1440
13.1786 1440
13.1798 1440
13.181 1440
13.1822 1440
13.1834 1440
13.1846 1440
13.3667 1440
13.3679 1440
13.3691 1440
13.3703 1440
13.3715 1440
13.3727 1440
13.407 1440
13.4082 1440
13.4118 1440
13.4129 1440
13.4141 1440
13.4153 1440
13.4165 1440
13.4177 1440
13.4189 1440
13.4201 1440
13.4213 1440
13.4225 1440
13.4237 1440
13.4249 1440
13.4261 1440
13.4273 1440
13.4285 1440
13.6094 1440
13.6106 1440
13.6118 1440
13.6129 1440
13.6141 1440
13.6153 1440
13.6497 1440
13.6508 1440
13.6544 1440
13.6556 1440
13.6568 1440
13.658 1440
13.6592 1440
13.6604 1440
13.6616 1440
13.6628 1440
13.664 1440
13.6652 1440
13.6664 1440
13.6676 1440
13.6688 1440
13.67 1440
13.6712 1440
13.8508 1440
13.852 1440
13.8532 1440
13.8544 1440
13.8911 1440
13.8923 1440
13.8935 1440
13.8947 1440
13.8959 1440
13.8971 1440
13.8983 1440
13.8995 1440
13.9007 1440
13.9019 1440
13.9031 1440
13.9043 1440
13.9055 1440
13.9067 1440
13.9079 1440
13.9091 1440
13.9103 1440
13.9115 1440
13.9127 1440
13.9138 1440
13.915 1440
14.0935 1440
14.0947 1440
14.0959 1440
14.0971 1440
14.1338 1440
14.135 1440
14.1362 1440
14.1374 1440
14.1386 1440
14.1398 1440
14.141 1440
14.1422 1440
14.1434 1440
14.1446 1440
14.1458 1440
14.147 1440
14.1482 1440
14.1494 1440
14.1506 1440
14.1517 1440
14.1529 1440
14.1541 1440
14.1553 1440
14.1565 1440
14.1577 1440
14.335 1440
14.3362 1440
14.3374 1440
14.3386 1440
14.3753 1440
14.3765 1440
14.3777 1440
14.3789 1440
14.3801 1440
14.3813 1440
14.3825 1440
14.3837 1440
14.3849 1440
14.3861 1440
14.3873 1440
14.3885 1440
14.3896 1440
14.3908 1440
14.392 1440
14.3932 1440
14.3944 1440
14.3956 1440
14.3968 1440
14.3992 1440
14.4004 1440
14.4016 1440
14.5777 1440
14.5789 1440
14.5801 1440
14.5813 1440
14.618 1440
14.6192 1440
14.6204 1440
14.6216 1440
14.6228 1440
14.624 1440
14.6252 1440
14.6264 1440
14.6275 1440
14.6287 1440
14.6299 1440
14.6311 1440
14.6323 1440
14.6335 1440
14.6347 1440
14.6359 1440
14.6371 1440
14.6383 1440
14.6395 1440
14.6407 1440
14.6419 1440
14.6431 1440
14.6443 1440
14.8714 1440
14.8726 1440
14.8738 1440
14.875 1440
14.8762 1440
14.8774 1440
14.8786 1440
14.8798 1440
14.881 1440
14.8822 1440
14.8834 1440
14.8846 1440
14.8858 1440
15.1141 1440
15.1153 1440
15.1165 1440
15.1177 1440
15.1201 1440
15.1213 1440
15.1225 1440
15.1237 1440
15.1249 1440
15.1261 1440
15.3273 1440
15.3285 1440
15.3568 1440
15.358 1440
15.3592 1440
15.3604 1440
15.3616 1440
15.3628 1440
15.364 1440
15.5995 1440
15.6007 1440
15.6019 1440
15.6031 1440
15.6043 1440
15.6067 1440
15.841 1440
15.8434 1440
15.8446 1440
15.8458 1440
15.847 1440
15.8482 1440
16.0482 1440
16.086 1440
16.0873 1440
16.0884 1440
16.0896 1440
16.0908 1440
16.092 1440
16.3275 1440
16.3287 1440
16.3299 1440
16.3311 1440
16.5702 1440
16.5714 1440
16.5726 1440
16.8129 1440
17.0141 1440
17.0153 1440
17.2544 1440
17.2556 1440
17.2568 1440
17.4959 1440
17.7374 1440
17.9789 1440
18.2204 1440
18.4619 1440
18.4631 1440
18.7033 1440
18.9045 1440
19.1448 1440
19.146 1440
19.346 1440
19.3875 1440
19.3887 1440
19.3899 1440
19.629 1440
19.6302 1440
19.8717 1440
19.8729 1440
19.8741 1440
19.8753 1440
19.8765 1440
20.1144 1440
20.1156 1440
20.1168 1440
20.1179 1440
20.1191 1440
20.3179 1440
20.357 1440
20.3582 1440
20.3594 1440
20.3606 1440
20.5594 1440
20.5606 1440
20.5997 1440
20.6009 1440
20.6021 1440
20.6033 1440
20.6045 1440
20.8009 1440
20.8021 1440
20.8412 1440
21.0424 1440
21.0436 1440
21.0827 1440
21.2851 1440
21.2863 1440
21.5242 1440
21.5254 1440
21.5278 1440
21.529 1440
21.7669 1440
21.7681 1440
21.7693 1440
21.7705 1440
21.7717 1440
22.0096 1440
22.0107 1440
22.0119 1440
22.0131 1440
22.0143 1440
22.2131 1440
22.2522 1440
22.2534 1440
22.2546 1440
22.2558 1440
22.257 1440
22.4546 1440
22.4558 1440
22.4949 1440
22.4961 1440
22.4973 1440
22.4985 1440
22.4997 1440
22.6961 1440
22.6973 1440
22.7364 1440
22.7376 1440
22.7388 1440
22.74 1440
22.7412 1440
22.7424 1440
22.7436 1440
22.9388 1440
22.94 1440
22.9791 1440
22.9803 1440
22.9815 1440
22.9827 1440
22.9839 1440
22.9851 1440
23.1803 1440
23.1815 1440
23.1827 1440
23.2206 1440
23.2218 1440
23.223 1440
23.2242 1440
23.2254 1440
23.2265 1440
23.4218 1440
23.423 1440
23.4242 1440
23.4254 1440
23.4266 1440
23.4633 1440
23.4644 1440
23.4656 1440
23.4668 1440
23.468 1440
23.4692 1440
23.6645 1440
23.6656 1440
23.6668 1440
23.668 1440
23.6692 1440
23.7047 1440
23.7059 1440
23.7071 1440
23.7083 1440
23.7095 1440
23.7107 1440
23.9059 1440
23.9071 1440
23.9083 1440
23.9095 1440
23.9474 1440
23.9486 1440
23.9498 1440
23.951 1440
23.9522 1440
23.9534 1440
23.9546 1440
23.9558 1440
23.957 1440
24.1486 1440
24.1498 1440
24.151 1440
24.1522 1440
24.1901 1440
24.1913 1440
24.1925 1440
24.1937 1440
24.1949 1440
24.1961 1440
24.1973 1440
24.1985 1440
24.1997 1440
24.3901 1440
24.3913 1440
24.3925 1440
24.3937 1440
24.4316 1440
24.4328 1440
24.434 1440
24.4352 1440
24.4364 1440
24.4376 1440
24.4388 1440
24.44 1440
24.4411 1440
24.4435 1440
24.6328 1440
24.634 1440
24.6352 1440
24.6364 1440
24.6743 1440
24.6755 1440
24.6767 1440
24.6779 1440
24.679 1440
24.6802 1440
24.6814 1440
24.6826 1440
24.6838 1440
24.685 1440
24.6862 1440
24.8743 1440
24.8755 1440
24.9229 1440
24.9241 1440
24.9253 1440
24.9265 1440
24.9277 1440
25.1158 1440
25.117 1440
25.1656 1440
25.1668 1440
25.168 1440
25.1692 1440
25.3573 1440
25.3585 1440
25.3597 1440
25.4071 1440
25.4083 1440
25.4095 1440
25.4107 1440
25.5987 1440
25.5999 1440
25.6011 1440
25.6023 1440
25.6035 1440
25.6522 1440
25.6534 1440
25.6546 1440
25.6558 1440
25.8414 1440
25.8426 1440
25.8438 1440
25.845 1440
25.8462 1440
25.8937 1440
25.8949 1440
25.8961 1440
25.8973 1440
26.0829 1440
26.0841 1440
26.0853 1440
26.0865 1440
26.0877 1440
26.0889 1440
26.0901 1440
26.1363 1440
26.1375 1440
26.1387 1440
26.1399 1440
26.3256 1440
26.3268 1440
26.328 1440
26.3292 1440
26.3304 1440
26.3316 1440
26.3778 1440
26.379 1440
26.3802 1440
26.3814 1440
26.3826 1440
26.5671 1440
26.5683 1440
26.5695 1440
26.5707 1440
26.5719 1440
26.5731 1440
26.6193 1440
26.6205 1440
26.6217 1440
26.6229 1440
26.6241 1440
26.6253 1440
26.6265 1440
26.8098 1440
26.811 1440
26.8122 1440
26.8133 1440
26.8145 1440
26.8157 1440
26.862 1440
26.8632 1440
26.8644 1440
26.8656 1440
26.8668 1440
26.868 1440
26.8692 1440
27.0513 1440
27.0524 1440
27.0536 1440
27.0548 1440
27.056 1440
27.0572 1440
27.1035 1440
27.1047 1440
27.1059 1440
27.1071 1440
27.1083 1440
27.1095 1440
27.1119 1440
27.113 1440
27.2939 1440
27.2951 1440
27.2963 1440
27.2975 1440
27.2987 1440
27.2999 1440
27.3462 1440
27.3474 1440
27.3486 1440
27.3498 1440
27.3509 1440
27.3521 1440
27.3533 1440
27.3545 1440
27.5354 1440
27.5912 1440
27.5924 1440
27.5936 1440
27.5948 1440
27.596 1440
27.7769 1440
27.8339 1440
27.8351 1440
27.8363 1440
27.8375 1440
27.8387 1440
28.0184 1440
28.0196 1440
28.0766 1440
28.0778 1440
28.079 1440
28.0802 1440
28.0814 1440
28.2599 1440
28.2611 1440
28.3181 1440
28.3193 1440
28.3205 1440
28.3217 1440
28.3229 1440
28.3241 1440
28.3253 1440
28.5026 1440
28.5038 1440
28.5608 1440
28.562 1440
28.5632 1440
28.5644 1440
28.5656 1440
28.5668 1440
28.5679 1440
28.7441 1440
28.7452 1440
28.8023 1440
28.8035 1440
28.8047 1440
28.8058 1440
28.807 1440
28.8082 1440
28.8094 1440
28.8106 1440
28.8118 1440
28.9867 1440
28.9879 1440
29.0449 1440
29.0461 1440
29.0473 1440
29.0485 1440
29.0497 1440
29.0509 1440
29.0521 1440
29.0533 1440
29.0545 1440
29.2282 1440
29.2294 1440
29.2864 1440
29.2876 1440
29.2888 1440
29.29 1440
29.2912 1440
29.2924 1440
29.2936 1440
29.2948 1440
29.296 1440
29.2972 1440
29.2984 1440
29.4709 1440
29.4721 1440
29.5291 1440
29.5303 1440
29.5315 1440
29.5327 1440
29.5339 1440
29.5351 1440
29.5363 1440
29.5375 1440
29.5387 1440
29.5399 1440
29.5411 1440
29.7124 1440
29.7136 1440
29.7706 1440
29.7718 1440
29.773 1440
29.7742 1440
29.7754 1440
29.7766 1440
29.7778 1440
29.779 1440
29.7802 1440
29.7814 1440
29.7825 1440
29.7837 1440
29.7849 1440
29.9551 1440
29.9563 1440
30.0133 1440
30.0145 1440
30.0157 1440
30.0169 1440
30.0181 1440
30.0193 1440
30.0204 1440
30.0216 1440
30.0228 1440
30.024 1440
30.0252 1440
30.0264 1440
30.0276 1440
30.1966 1440
30.1977 1440
30.2548 1440
30.256 1440
30.2572 1440
30.2583 1440
30.2595 1440
30.2607 1440
30.2619 1440
30.2631 1440
30.2643 1440
30.2655 1440
30.2667 1440
30.2679 1440
30.2691 1440
30.2703 1440
30.2715 1440
30.4392 1440
30.4404 1440
30.4974 1440
30.4986 1440
30.4998 1440
30.501 1440
30.5022 1440
30.5034 1440
30.5046 1440
30.5058 1440
30.507 1440
30.5082 1440
30.5094 1440
30.5106 1440
30.5118 1440
30.513 1440
30.6807 1440
30.6819 1440
30.6831 1440
30.7389 1440
30.7401 1440
30.7413 1440
30.7425 1440
30.7437 1440
30.7449 1440
30.7461 1440
30.7473 1440
30.7485 1440
30.7497 1440
30.7509 1440
30.7521 1440
30.7533 1440
30.7545 1440
30.9222 1440
30.9234 1440
30.9246 1440
30.9258 1440
30.927 1440
30.9816 1440
30.9828 1440
30.984 1440
30.9852 1440
30.9864 1440
30.9876 1440
30.9888 1440
30.99 1440
30.9912 1440
30.9924 1440
30.9936 1440
30.9948 1440
30.996 1440
30.9972 1440
31.1649 1440
31.1661 1440
31.1673 1440
31.1685 1440
31.1697 1440
31.2231 1440
31.2243 1440
31.2255 1440
31.2267 1440
31.2279 1440
31.2291 1440
31.2303 1440
31.2315 1440
31.2327 1440
31.2339 1440
31.2351 1440
31.2362 1440
31.2374 1440
31.2386 1440
31.4064 1440
31.4076 1440
31.4088 1440
31.41 1440
31.4112 1440
31.4123 1440
31.4135 1440
31.4658 1440
31.467 1440
31.4682 1440
31.4694 1440
31.4706 1440
31.4718 1440
31.473 1440
31.4741 1440
31.4753 1440
31.4765 1440
31.4777 1440
31.4789 1440
31.4801 1440
31.4813 1440
31.6491 1440
31.6503 1440
31.6514 1440
31.6526 1440
31.655 1440
31.7073 1440
31.7085 1440
31.7097 1440
31.7109 1440
31.712 1440
31.7132 1440
31.7144 1440
31.7156 1440
31.7168 1440
31.718 1440
31.7192 1440
31.7204 1440
31.7216 1440
31.8905 1440
31.8917 1440
31.8929 1440
31.8941 1440
31.8953 1440
31.8965 1440
31.8977 1440
31.8989 1440
31.9488 1440
31.95 1440
32.132 1440
32.1332 1440
32.1344 1440
32.1356 1440
32.1368 1440
32.138 1440
32.1392 1440
32.1404 1440
32.1903 1440
32.1914 1440
32.3747 1440
32.3759 1440
32.3771 1440
32.3783 1440
32.3795 1440
32.3807 1440
32.3819 1440
32.3831 1440
32.3843 1440
32.4329 1440
32.4341 1440
32.6174 1440
32.6186 1440
32.6198 1440
32.621 1440
32.6222 1440
32.6234 1440
32.6246 1440
32.6258 1440
32.627 1440
32.6744 1440
32.6756 1440
32.8589 1440
32.8601 1440
32.8613 1440
32.8625 1440
32.8637 1440
32.8649 1440
32.8661 1440
32.8672 1440
32.8684 1440
32.8696 1440
32.8708 1440
32.9171 1440
32.9183 1440
33.1016 1440
33.1028 1440
33.104 1440
33.1052 1440
33.1063 1440
33.1075 1440
33.1087 1440
33.1099 1440
33.1111 1440
33.1123 1440
33.1135 1440
33.1586 1440
33.1598 1440
33.3431 1440
33.3442 1440
33.3454 1440
33.3466 1440
33.3478 1440
33.349 1440
33.3502 1440
33.3514 1440
33.3526 1440
33.3538 1440
33.355 1440
33.3562 1440
33.3574 1440
33.4013 1440
33.4025 1440
33.5857 1440
33.5869 1440
33.5881 1440
33.5893 1440
33.5905 1440
33.5917 1440
33.5929 1440
33.5941 1440
33.5953 1440
33.5965 1440
33.5977 1440
33.5989 1440
33.6001 1440
33.6428 1440
33.644 1440
33.8272 1440
33.8284 1440
33.8296 1440
33.8308 1440
33.832 1440
33.8332 1440
33.8344 1440
33.8356 1440
33.8368 1440
33.838 1440
33.8392 1440
33.8404 1440
33.8416 1440
33.8428 1440
33.844 1440
33.8854 1440
33.8866 1440
34.0699 1440
34.0711 1440
34.0723 1440
34.0735 1440
34.0747 1440
34.0759 1440
34.0771 1440
34.0783 1440
34.0795 1440
34.0807 1440
34.0819 1440
34.083 1440
34.0842 1440
34.0854 1440
34.0866 1440
34.1269 1440
34.1281 1440
34.3114 1440
34.3126 1440
34.3138 1440
34.315 1440
34.3162 1440
34.3186 1440
34.3198 1440
34.3209 1440
34.3221 1440
34.3233 1440
34.3245 1440
34.3257 1440
34.3269 1440
34.3281 1440
34.3293 1440
34.3305 1440
34.3696 1440
34.3708 1440
34.5541 1440
34.5553 1440
34.5565 1440
34.5577 1440
34.5601 1440
34.5612 1440
34.5624 1440
34.5636 1440
34.7956 1440
34.7968 1440
34.798 1440
34.7991 1440
34.8015 1440
34.8027 1440
34.8039 1440
34.8051 1440
35.0382 1440
35.0394 1440
35.0406 1440
35.0418 1440
35.043 1440
35.0442 1440
35.0454 1440
35.0466 1440
35.0478 1440
35.2809 1440
35.2821 1440
35.2833 1440
35.2845 1440
35.2857 1440
35.2869 1440
35.2881 1440
35.2893 1440
35.2905 1440
35.4893 1440
35.5236 1440
35.5248 1440
35.526 1440
35.5272 1440
35.5284 1440
35.5296 1440
35.5308 1440
35.532 1440
35.5332 1440
35.7308 1440
35.732 1440
35.7663 1440
35.7675 1440
35.7687 1440
35.7699 1440
35.7711 1440
35.7723 1440
35.7735 1440
35.7747 1440
35.7759 1440
35.9723 1440
35.9735 1440
36.0078 1440
36.009 1440
36.0102 1440
36.0114 1440
36.0126 1440
36.0138 1440
36.015 1440
36.0161 1440
36.0173 1440
36.0185 1440
36.0197 1440
36.215 1440
36.2161 1440
36.2505 1440
36.2516 1440
36.2528 1440
36.254 1440
36.2552 1440
36.2564 1440
36.2576 1440
36.2588 1440
36.26 1440
36.2612 1440
36.2624 1440
36.4564 1440
36.4576 1440
36.4919 1440
36.4931 1440
36.4943 1440
36.4955 1440
36.4967 1440
36.4979 1440
36.4991 1440
36.5003 1440
36.5015 1440
36.5027 1440
36.5039 1440
36.5051 1440
36.5063 1440
36.6991 1440
36.7003 1440
36.7346 1440
36.7358 1440
36.7382 1440
36.7394 1440
36.7406 1440
36.7418 1440
36.743 1440
36.7442 1440
36.7454 1440
36.7466 1440
36.7478 1440
36.9406 1440
36.9418 1440
36.943 1440
36.9761 1440
36.9773 1440
36.9797 1440
36.9809 1440
36.9821 1440
36.9833 1440
37.1845 1440
37.2176 1440
37.2188 1440
37.2212 1440
37.2224 1440
37.2248 1440
37.226 1440
37.4591 1440
37.4603 1440
37.4627 1440
37.4639 1440
37.4663 1440
37.4675 1440
37.4686 1440
37.6675 1440
37.7018 1440
37.703 1440
37.7054 1440
37.7066 1440
37.7089 1440
37.7101 1440
37.7113 1440
37.9089 1440
37.9101 1440
37.9444 1440
37.9456 1440
37.948 1440
37.9492 1440
37.9516 1440
37.9528 1440
38.1504 1440
38.1516 1440
38.1528 1440
38.1859 1440
38.1871 1440
38.1895 1440
38.1907 1440
38.1931 1440
38.1943 1440
38.3919 1440
38.3931 1440
38.3943 1440
38.3955 1440
38.3967 1440
38.4286 1440
38.4298 1440
38.4322 1440
38.4334 1440
38.4358 1440
38.437 1440
38.6346 1440
38.6358 1440
38.637 1440
38.6382 1440
38.6394 1440
38.6701 1440
38.6713 1440
38.6737 1440
38.6749 1440
38.6773 1440
38.6785 1440
38.8761 1440
38.8773 1440
38.8785 1440
38.8797 1440
38.8809 1440
38.8821 1440
38.8832 1440
38.9128 1440
38.914 1440
38.9164 1440
38.9176 1440
38.92 1440
38.9211 1440
39.1188 1440
39.12 1440
39.1211 1440
39.1223 1440
39.1235 1440
39.1247 1440
39.1543 1440
39.1555 1440
39.1567 1440
39.1579 1440
39.1591 1440
39.1614 1440
39.1626 1440
39.3602 1440
39.3626 1440
39.3638 1440
39.365 1440
39.3662 1440
39.3958 1440
39.3981 1440
39.3993 1440
39.4005 1440
39.4017 1440
39.4029 1440
39.4041 1440
39.4053 1440
39.6041 1440
39.6053 1440
39.6065 1440
39.6077 1440
39.6456 1440
39.6468 1440
39.8456 1440
39.8468 1440
39.848 1440
39.8504 1440
39.8871 1440
40.0871 1440
40.0883 1440
40.0895 1440
40.0907 1440
40.0919 1440
40.1286 1440
40.1298 1440
40.3298 1440
40.331 1440
40.3322 1440
40.3334 1440
40.3701 1440
40.3713 1440
40.3725 1440
40.5713 1440
40.5725 1440
40.5737 1440
40.5749 1440
40.5761 1440
40.6128 1440
40.614 1440
40.6152 1440
40.8128 1440
40.814 1440
40.8152 1440
40.8164 1440
40.8176 1440
40.8187 1440
40.8554 1440
40.8566 1440
40.8578 1440
41.0542 1440
41.0554 1440
41.0566 1440
41.0578 1440
41.059 1440
41.0602 1440
41.0969 1440
41.0981 1440
41.0993 1440
41.1005 1440
41.1017 1440
41.2969 1440
41.2981 1440
41.2993 1440
41.3005 1440
41.3017 1440
41.3029 1440
41.3396 1440
41.3408 1440
41.342 1440
41.3432 1440
41.5384 1440
41.5396 1440
41.5408 1440
41.542 1440
41.5432 1440
41.5456 1440
41.5835 1440
41.5847 1440
41.5859 1440
41.5871 1440
41.7799 1440
41.7811 1440
41.7823 1440
41.7835 1440
41.7847 1440
41.7859 1440
41.7871 1440
41.7883 1440
41.825 1440
41.8262 1440
42.0274 1440
42.0286 1440
42.0298 1440
42.0665 1440
42.0677 1440
42.2701 1440
42.2712 1440
42.308 1440
42.3092 1440
42.3104 1440
42.5092 1440
42.5127 1440
42.5139 1440
42.5506 1440
42.5518 1440
42.7506 1440
42.7518 1440
42.753 1440
42.7554 1440
42.7566 1440
42.7933 1440
42.7945 1440
42.9933 1440
42.9945 1440
42.9957 1440
42.9969 1440
42.9981 1440
43.0348 1440
43.036 1440
43.2348 1440
43.236 1440
43.2372 1440
43.2384 1440
43.2396 1440
43.2408 1440
43.242 1440
43.4775 1440
43.4787 1440
43.4799 1440
43.4811 1440
43.4823 1440
43.4835 1440
43.4847 1440
43.4859 1440
43.4871 1440
43.6835 1440
43.7202 1440
43.7214 1440
43.7226 1440
43.7238 1440
43.725 1440
43.7261 1440
43.7273 1440
43.7285 1440
43.7297 1440
43.925 1440
43.9261 1440
43.9629 1440
43.964 1440
43.9652 1440
43.9664 1440
43.9676 1440
43.9688 1440
43.97 1440
43.9712 1440
43.9724 1440
44.1664 1440
44.1676 1440
44.2043 1440
44.2055 1440
44.2067 1440
44.2079 1440
44.2091 1440
44.2103 1440
44.2115 1440
44.2127 1440
44.2139 1440
44.2151 1440
44.2163 1440
44.4091 1440
44.4103 1440
44.447 1440
44.4482 1440
44.4494 1440
44.4506 1440
44.4518 1440
44.453 1440
44.4542 1440
44.4554 1440
44.4566 1440
44.4578 1440
44.6506 1440
44.6518 1440
44.653 1440
44.6885 1440
44.6897 1440
44.6909 1440
44.6921 1440
44.6933 1440
44.6945 1440
44.6957 1440
44.6969 1440
44.6981 1440
44.6993 1440
44.8921 1440
44.8933 1440
44.8945 1440
44.8957 1440
44.8969 1440
44.9312 1440
44.9324 1440
44.9336 1440
44.9348 1440
44.936 1440
44.9372 1440
44.9384 1440
44.9396 1440
44.9408 1440
44.9419 1440
45.1348 1440
45.136 1440
45.1372 1440
45.1384 1440
45.1396 1440
45.1727 1440
45.1739 1440
45.1751 1440
45.1763 1440
45.1775 1440
45.1787 1440
45.1798 1440
45.181 1440
45.1822 1440
45.1834 1440
45.3763 1440
45.3775 1440
45.3787 1440
45.3798 1440
45.381 1440
45.3822 1440
45.3834 1440
45.4154 1440
45.4166 1440
45.4177 1440
45.4189 1440
45.4201 1440
45.4213 1440
45.4225 1440
45.4237 1440
45.4249 1440
45.4261 1440
45.6189 1440
45.6201 1440
45.6213 1440
45.6225 1440
45.6237 1440
45.6249 1440
45.6568 1440
45.658 1440
45.6592 1440
45.6604 1440
45.6616 1440
45.6628 1440
45.664 1440
45.6652 1440
45.6664 1440
45.6676 1440
45.6688 1440
45.8604 1440
45.8616 1440
45.8628 1440
45.864 1440
45.8652 1440
45.8664 1440
45.8983 1440
45.8995 1440
45.9007 1440
45.9019 1440
45.9031 1440
45.9043 1440
45.9055 1440
45.9067 1440
45.9079 1440
45.9091 1440
45.9103 1440
45.9115 1440
45.9127 1440
46.1031 1440
46.1043 1440
46.1055 1440
46.1067 1440
46.1079 1440
46.1091 1440
46.141 1440
46.1422 1440
46.1434 1440
46.1446 1440
46.1458 1440
46.147 1440
46.1482 1440
46.1494 1440
46.1506 1440
46.1518 1440
46.153 1440
46.1542 1440
46.1554 1440
46.3446 1440
46.3458 1440
46.347 1440
46.3482 1440
46.3494 1440
46.3506 1440
46.3825 1440
46.3837 1440
46.3849 1440
46.3861 1440
46.3873 1440
46.3885 1440
46.3897 1440
46.3909 1440
46.3921 1440
46.3933 1440
46.3944 1440
46.3956 1440
46.3968 1440
46.398 1440
46.3992 1440
46.5873 1440
46.5885 1440
46.5897 1440
46.5909 1440
46.5921 1440
46.5933 1440
46.6252 1440
46.6264 1440
46.6276 1440
46.6288 1440
46.63 1440
46.6312 1440
46.6323 1440
46.6335 1440
46.6347 1440
46.6359 1440
46.6371 1440
46.6383 1440
46.6395 1440
46.6407 1440
46.6419 1440
46.8288 1440
46.83 1440
46.8312 1440
46.8323 1440
46.8335 1440
46.8347 1440
46.8667 1440
46.8679 1440
46.8691 1440
46.8702 1440
46.8714 1440
46.8726 1440
46.8738 1440
46.875 1440
46.8762 1440
46.8774 1440
46.8786 1440
46.8798 1440
46.881 1440
46.8822 1440
46.8834 1440
46.8846 1440
46.8858 1440
47.0714 1440
47.0726 1440
47.0738 1440
47.075 1440
47.0762 1440
47.0774 1440
47.1093 1440
47.1105 1440
47.1117 1440
47.1129 1440
47.1141 1440
47.1153 1440
47.1165 1440
47.1177 1440
47.1189 1440
47.1201 1440
47.1213 1440
47.1225 1440
47.1237 1440
47.1249 1440
47.1261 1440
47.1273 1440
47.1285 1440
47.3129 1440
47.3141 1440
47.3153 1440
47.3177 1440
47.3189 1440
47.3508 1440
47.352 1440
47.3532 1440
47.3544 1440
47.3556 1440
47.3568 1440
47.358 1440
47.3592 1440
47.3604 1440
47.3616 1440
47.3628 1440
47.364 1440
47.3652 1440
47.3664 1440
47.3676 1440
47.3688 1440
47.37 1440
47.3711 1440
47.3723 1440
47.5556 1440
47.5568 1440
47.5592 1440
47.5604 1440
47.5616 1440
47.5923 1440
47.6091 1440
47.6103 1440
47.6114 1440
47.6126 1440
47.6138 1440
47.7971 1440
47.7983 1440
47.8007 1440
47.8019 1440
47.8031 1440
47.8338 1440
47.8517 1440
47.8529 1440
47.8541 1440
47.8553 1440
48.0386 1440
48.0398 1440
48.0422 1440
48.0434 1440
48.0446 1440
48.0458 1440
48.047 1440
48.0932 1440
48.0944 1440
48.0956 1440
48.0968 1440
48.2801 1440
48.2813 1440
48.2837 1440
48.2849 1440
48.2861 1440
48.2873 1440
48.2885 1440
48.2896 1440
48.2908 1440
48.3359 1440
48.3371 1440
48.3383 1440
48.3395 1440
48.5228 1440
48.524 1440
48.5264 1440
48.5275 1440
48.5287 1440
48.5299 1440
48.5311 1440
48.5323 1440
48.5335 1440
48.5774 1440
48.5786 1440
48.5798 1440
48.581 1440
48.7642 1440
48.7654 1440
48.7678 1440
48.769 1440
48.7702 1440
48.7714 1440
48.7726 1440
48.7738 1440
48.775 1440
48.7762 1440
48.7774 1440
48.8201 1440
48.8213 1440
48.8225 1440
48.8237 1440
49.0069 1440
49.0081 1440
49.0105 1440
49.0129 1440
49.0141 1440
49.0153 1440
49.0165 1440
49.0177 1440
49.0189 1440
49.0201 1440
49.0616 1440
49.0628 1440
49.0639 1440
49.0651 1440
49.2484 1440
49.2496 1440
49.252 1440
49.2532 1440
49.2544 1440
49.2556 1440
49.2568 1440
49.4899 1440
49.4911 1440
49.4935 1440
49.4947 1440
49.4959 1440
49.4971 1440
49.4983 1440
49.7326 1440
49.7338 1440
49.7362 1440
49.7374 1440
49.7386 1440
49.7398 1440
49.741 1440
49.9398 1440
49.9753 1440
49.9765 1440
49.9789 1440
49.9801 1440
49.9813 1440
49.9824 1440
49.9836 1440
50.1813 1440
50.1825 1440
50.2179 1440
50.2191 1440
50.2215 1440
50.2227 1440
50.2239 1440
50.2251 1440
50.2263 1440
50.4227 1440
50.4239 1440
50.4594 1440
50.4606 1440
50.463 1440
50.4642 1440
50.4654 1440
50.4666 1440
50.4678 1440
50.469 1440
50.4702 1440
50.6654 1440
50.6666 1440
50.7021 1440
50.7033 1440
50.7057 1440
50.7069 1440
50.7081 1440
50.7093 1440
50.7105 1440
50.7117 1440
50.7129 1440
50.9069 1440
50.9081 1440
50.9436 1440
50.9448 1440
50.9472 1440
50.9484 1440
50.9496 1440
50.9508 1440
50.952 1440
50.9532 1440
50.9544 1440
50.9556 1440
50.9568 1440
51.1496 1440
51.1508 1440
51.1863 1440
51.1875 1440
51.1899 1440
51.1911 1440
51.1923 1440
51.1935 1440
51.1947 1440
51.1959 1440
51.197 1440
51.1982 1440
51.3911 1440
51.3923 1440
51.3935 1440
51.4278 1440
51.429 1440
51.4314 1440
51.4326 1440
51.4338 1440
51.4349 1440
51.4361 1440
51.4373 1440
51.4385 1440
51.4397 1440
51.6326 1440
51.6338 1440
51.635 1440
51.6362 1440
51.6373 1440
51.6705 1440
51.6716 1440
51.674 1440
51.6752 1440
51.6764 1440
51.6776 1440
51.6788 1440
51.68 1440
51.6812 1440
51.6824 1440
51.8752 1440
51.8764 1440
51.8776 1440
51.8788 1440
51.88 1440
51.9119 1440
51.9131 1440
51.9155 1440
51.9167 1440
51.9179 1440
51.9191 1440
51.9203 1440
51.9215 1440
51.9227 1440
51.9239 1440
52.1167 1440
52.1179 1440
52.1191 1440
52.1203 1440
52.1215 1440
52.1227 1440
52.1239 1440
52.1546 1440
52.1558 1440
52.1582 1440
52.1594 1440
52.1618 1440
52.163 1440
52.1642 1440
52.1654 1440
52.1666 1440
52.3594 1440
52.3606 1440
52.3618 1440
52.363 1440
52.3642 1440
52.3654 1440
52.3666 1440
52.3961 1440
52.3973 1440
52.3997 1440
52.4009 1440
52.4033 1440
52.4045 1440
52.4057 1440
52.4069 1440
52.6376 1440
52.6388 1440
52.6412 1440
52.6424 1440
52.6448 1440
52.646 1440
52.6472 1440
52.6484 1440
52.8803 1440
52.8815 1440
52.8839 1440
52.8851 1440
52.8875 1440
52.8887 1440
52.8899 1440
52.8911 1440
52.8922 1440
53.123 1440
53.1242 1440
53.1266 1440
53.1277 1440
53.1301 1440
53.1313 1440
53.1325 1440
53.1337 1440
53.1349 1440
53.3337 1440
53.3656 1440
53.3668 1440
53.3692 1440
53.3704 1440
53.3728 1440
53.374 1440
53.3752 1440
53.3764 1440
53.3776 1440
53.5752 1440
53.5764 1440
53.6083 1440
53.6095 1440
53.6119 1440
53.6131 1440
53.6155 1440
53.6167 1440
53.6179 1440
53.6191 1440
53.8167 1440
53.8179 1440
53.8191 1440
53.8498 1440
53.851 1440
53.8534 1440
53.8546 1440
53.857 1440
53.8582 1440
53.8594 1440
53.8606 1440
54.0582 1440
54.0594 1440
54.0606 1440
54.0618 1440
54.063 1440
54.0925 1440
54.0937 1440
54.0961 1440
54.0973 1440
54.0997 1440
54.1009 1440
54.1021 1440
54.1033 1440
54.3009 1440
54.3021 1440
54.3033 1440
54.3045 1440
54.3057 1440
54.334 1440
54.3352 1440
54.3376 1440
54.3388 1440
54.3412 1440
54.3424 1440
54.3436 1440
54.3447 1440
54.5424 1440
54.5436 1440
54.5447 1440
54.5459 1440
54.5471 1440
54.5483 1440
54.5495 1440
54.5767 1440
54.5779 1440
54.5803 1440
54.5814 1440
54.5838 1440
54.585 1440
54.5862 1440
54.5874 1440
54.785 1440
54.7862 1440
54.7874 1440
54.7886 1440
54.7898 1440
54.791 1440
54.7922 1440
54.8181 1440
54.8193 1440
54.8217 1440
54.8229 1440
54.8253 1440
54.8265 1440
54.8277 1440
54.8289 1440
55.0265 1440
55.0277 1440
55.0289 1440
55.0301 1440
55.0313 1440
55.0325 1440
55.0337 1440
55.0349 1440
55.0361 1440
55.0608 1440
55.062 1440
55.0644 1440
55.0656 1440
55.068 1440
55.0692 1440
55.0704 1440
55.0716 1440
55.2692 1440
55.2704 1440
55.2728 1440
55.274 1440
55.2752 1440
55.2764 1440
55.2776 1440
55.3023 1440
55.3035 1440
55.3047 1440
55.3059 1440
55.3095 1440
55.3107 1440
55.3119 1440
55.3131 1440
55.5107 1440
55.5119 1440
55.5143 1440
55.5155 1440
55.5167 1440
55.5179 1440
55.5534 1440
55.5546 1440
55.7522 1440
55.7534 1440
55.7558 1440
55.757 1440
55.7582 1440
55.7606 1440
55.7949 1440
55.9937 1440
55.9949 1440
55.9973 1440
55.9985 1440
55.9997 1440
56.0009 1440
56.0021 1440
56.0364 1440
56.0376 1440
56.2364 1440
56.2376 1440
56.24 1440
56.2412 1440
56.2423 1440
56.2435 1440
56.2447 1440
56.2778 1440
56.279 1440
56.4778 1440
56.479 1440
56.4814 1440
56.4826 1440
56.4838 1440
56.485 1440
56.4862 1440
56.4874 1440
56.4886 1440
56.5205 1440
56.5217 1440
56.7205 1440
56.7217 1440
56.7241 1440
56.7253 1440
56.7265 1440
56.7277 1440
56.7289 1440
56.7301 1440
56.7313 1440
56.762 1440
56.7632 1440
56.962 1440
56.9632 1440
56.9656 1440
56.9668 1440
56.968 1440
56.9692 1440
56.9704 1440
56.9716 1440
56.9728 1440
56.974 1440
56.9752 1440
57.0047 1440
57.0059 1440
57.2047 1440
57.2059 1440
57.2083 1440
57.2095 1440
57.2107 1440
57.2119 1440
57.2131 1440
57.2143 1440
57.2155 1440
57.2167 1440
57.2179 1440
57.2462 1440
57.2474 1440
57.4462 1440
57.4474 1440
57.4498 1440
57.451 1440
57.4522 1440
57.4534 1440
57.4546 1440
57.4558 1440
57.4569 1440
57.4581 1440
57.4593 1440
57.4605 1440
57.4617 1440
57.4889 1440
57.4901 1440
57.6889 1440
57.6901 1440
57.6925 1440
57.6937 1440
57.6948 1440
57.696 1440
57.6972 1440
57.6984 1440
57.6996 1440
57.7008 1440
57.702 1440
57.7032 1440
57.7304 1440
57.7315 1440
57.7327 1440
57.9304 1440
57.9315 1440
57.9339 1440
57.9351 1440
57.9363 1440
57.9375 1440
57.9387 1440
57.9399 1440
57.9411 1440
57.9423 1440
57.9435 1440
57.9447 1440
57.9718 1440
57.973 1440
57.9742 1440
57.9754 1440
57.9766 1440
58.173 1440
58.1742 1440
58.1766 1440
58.1778 1440
58.179 1440
58.1802 1440
58.1814 1440
58.1826 1440
58.185 1440
58.1862 1440
58.1874 1440
58.2145 1440
58.2157 1440
58.2169 1440
58.2181 1440
58.2193 1440
58.4145 1440
58.4157 1440
58.4181 1440
58.4193 1440
58.4205 1440
58.4217 1440
58.4229 1440
58.4241 1440
58.4265 1440
58.4277 1440
58.4289 1440
58.4301 1440
58.662 1440
58.6632 1440
58.6644 1440
58.6656 1440
58.668 1440
58.6692 1440
58.6704 1440
58.6716 1440
58.9047 1440
58.9059 1440
58.9071 1440
58.9083 1440
58.9095 1440
58.9107 1440
58.9119 1440
58.9131 1440
58.9142 1440
59.1474 1440
59.1486 1440
59.1497 1440
59.1509 1440
59.1521 1440
59.1533 1440
59.1545 1440
59.1557 1440
59.1569 1440
59.3557 1440
59.39 1440
59.3912 1440
59.3924 1440
59.3936 1440
59.3948 1440
59.396 1440
59.3972 1440
59.3984 1440
59.3996 1440
59.5972 1440
59.5984 1440
59.6327 1440
59.6339 1440
59.6351 1440
59.6363 1440
59.6375 1440
59.6387 1440
59.6399 1440
59.6411 1440
59.6423 1440
59.8387 1440
59.8399 1440
59.8742 1440
59.8754 1440
59.8766 1440
59.8778 1440
59.879 1440
59.8802 1440
59.8814 1440
59.8826 1440
59.8838 1440
59.885 1440
59.8862 1440
60.0814 1440
60.0826 1440
60.1169 1440
60.1181 1440
60.1193 1440
60.1205 1440
60.1217 1440
60.1229 1440
60.1241 1440
60.1253 1440
60.1265 1440
60.1277 1440
60.1288 1440
60.3229 1440
60.3241 1440
60.3584 1440
60.3596 1440
60.3608 1440
60.362 1440
60.3632 1440
60.3644 1440
60.3656 1440
60.3667 1440
60.3679 1440
60.3691 1440
60.3703 1440
60.3715 1440
60.3727 1440
60.5656 1440
60.5667 1440
60.6011 1440
60.6023 1440
60.6034 1440
60.6046 1440
60.6058 1440
60.607 1440
60.6082 1440
60.6094 1440
60.6106 1440
60.6118 1440
60.613 1440
60.6142 1440
60.807 1440
60.8082 1440
60.8094 1440
60.8425 1440
60.8437 1440
60.8449 1440
60.8461 1440
60.8473 1440
60.8485 1440
60.8497 1440
60.8509 1440
60.8521 1440
60.8533 1440
60.8545 1440
60.8557 1440
61.0485 1440
61.0497 1440
61.0509 1440
61.0521 1440
61.0533 1440
61.0852 1440
61.0864 1440
61.0876 1440
61.0888 1440
61.09 1440
61.0912 1440
61.0924 1440
61.0936 1440
61.0948 1440
61.096 1440
61.0972 1440
61.0984 1440
61.2912 1440
61.2924 1440
61.2936 1440
61.2948 1440
61.296 1440
61.3267 1440
61.3279 1440
61.3291 1440
61.3303 1440
61.3315 1440
61.3327 1440
61.3339 1440
61.3351 1440
61.3363 1440
61.3375 1440
61.3387 1440
61.3399 1440
61.5327 1440
61.5339 1440
61.5351 1440
61.5363 1440
61.5375 1440
61.5387 1440
61.5399 1440
61.5694 1440
61.5706 1440
61.5718 1440
61.573 1440
61.5742 1440
61.5754 1440
61.5766 1440
61.5778 1440
61.579 1440
61.5802 1440
61.5813 1440
61.5825 1440
61.7754 1440
61.7766 1440
61.7778 1440
61.779 1440
61.7802 1440
61.7813 1440
61.8109 1440
61.8121 1440
61.8133 1440
61.8145 1440
61.8157 1440
61.8169 1440
61.818 1440
61.8192 1440
61.8204 1440
61.8216 1440
61.8228 1440
61.824 1440
61.8252 1440
62.0169 1440
62.0181 1440
62.0193 1440
62.0204 1440
62.0216 1440
62.0228 1440
62.0524 1440
62.0536 1440
62.0548 1440
62.0559 1440
62.0571 1440
62.0583 1440
62.0595 1440
62.0607 1440
62.0619 1440
62.0631 1440
62.0643 1440
62.0655 1440
62.0667 1440
62.0679 1440
62.0691 1440
62.2595 1440
62.2607 1440
62.2619 1440
62.2631 1440
62.2643 1440
62.2655 1440
62.295 1440
62.2962 1440
62.2974 1440
62.2986 1440
62.2998 1440
62.301 1440
62.3022 1440
62.3034 1440
62.3046 1440
62.307 1440
62.3082 1440
62.3094 1440
62.3106 1440
62.3118 1440
62.501 1440
62.5022 1440
62.5034 1440
62.5046 1440
62.5058 1440
62.507 1440
62.5365 1440
62.5377 1440
62.5389 1440
62.5401 1440
62.5413 1440
62.5425 1440
62.5437 1440
62.5449 1440
62.5461 1440
62.5473 1440
62.5485 1440
62.5497 1440
62.5509 1440
62.5521 1440
62.7828 1440
62.784 1440
62.7852 1440
62.7864 1440
62.7876 1440
62.7888 1440
62.79 1440
62.7912 1440
62.7924 1440
62.7936 1440
63.0255 1440
63.0267 1440
63.0279 1440
63.0291 1440
63.0303 1440
63.0315 1440
63.0327 1440
63.0339 1440
63.035 1440
63.0362 1440
63.0374 1440
63.2682 1440
63.2694 1440
63.2706 1440
63.2718 1440
63.2741 1440
63.2753 1440
63.2765 1440
63.2777 1440
63.2789 1440
63.2801 1440
63.4789 1440
63.5108 1440
63.512 1440
63.5132 1440
63.5144 1440
63.5156 1440
63.5168 1440
63.518 1440
63.7547 1440
63.7559 1440
63.7571 1440
63.7583 1440
63.7595 1440
63.9974 1440
63.9986 1440
63.9998 1440
64.001 1440
64.201 1440
64.2401 1440
64.2413 1440
64.2425 1440
64.2437 1440
64.2449 1440
64.4425 1440
64.4816 1440
64.4828 1440
64.7231 1440
64.7243 1440
64.9658 1440
64.967 1440
64.9682 1440
65.2084 1440
65.2096 1440
65.4096 1440
65.4108 1440
65.4511 1440
65.4523 1440
65.6523 1440
65.6535 1440
65.6547 1440
65.6938 1440
65.695 1440
65.895 1440
65.8962 1440
65.9353 1440
65.9365 1440
65.9377 1440
66.1365 1440
66.1377 1440
66.1389 1440
66.178 1440
66.1792 1440
66.1804 1440
66.378 1440
66.3792 1440
66.3804 1440
66.3816 1440
66.4207 1440
66.4219 1440
66.423 1440
66.6195 1440
66.6207 1440
66.6219 1440
66.623 1440
66.6621 1440
66.6633 1440
66.6645 1440
66.6657 1440
66.6669 1440
66.8621 1440
66.8633 1440
66.8645 1440
66.8657 1440
66.906 1440
66.9072 1440
66.9084 1440
67.1036 1440
67.1048 1440
67.106 1440
67.1072 1440
67.1084 1440
67.1475 1440
67.1487 1440
67.1499 1440
67.1511 1440
67.389 1440
67.3902 1440
67.3914 1440
67.3926 1440
67.6317 1440
67.6329 1440
67.6341 1440
67.6353 1440
67.6365 1440
67.8744 1440
67.8756 1440
67.8768 1440
67.878 1440
67.8791 1440
68.078 1440
68.117 1440
68.1182 1440
68.1194 1440
68.1206 1440
68.1218 1440
68.3194 1440
68.3206 1440
68.3597 1440
68.3609 1440
68.3621 1440
68.3633 1440
68.5609 1440
68.5621 1440
68.5633 1440
68.6012 1440
68.6024 1440
68.6036 1440
68.6048 1440
68.8024 1440
68.8036 1440
68.8048 1440
68.806 1440
68.8072 1440
68.8439 1440
68.8451 1440
68.8463 1440
68.8475 1440
69.0451 1440
69.0463 1440
69.0475 1440
69.0487 1440
69.0499 1440
69.0854 1440
69.0866 1440
69.0878 1440
69.089 1440
69.2866 1440
69.2878 1440
69.289 1440
69.2902 1440
69.2914 1440
69.2938 1440
69.3281 1440
69.3293 1440
69.3305 1440
69.3317 1440
69.5293 1440
69.5305 1440
69.5317 1440
69.5328 1440
69.5352 1440
69.5364 1440
69.5696 1440
69.5708 1440
69.7767 1440
69.7779 1440
69.8111 1440
69.8122 1440
70.0194 1440
70.0206 1440
70.0218 1440
70.0537 1440
70.0549 1440
70.2621 1440
70.2633 1440
70.2645 1440
70.2964 1440
70.4964 1440
70.5048 1440
70.506 1440
70.5072 1440
70.5379 1440
70.5391 1440
70.7463 1440
70.9878 1440
71.2293 1440
71.4707 1440
71.7122 1440
71.7134 1440
71.9537 1440
72.1549 1440
72.3952 1440
72.3964 1440
72.5964 1440
72.6379 1440
72.6391 1440
72.6403 1440
72.8794 1440
72.8806 1440
72.8818 1440
72.883 1440
72.8842 1440
73.1221 1440
73.1233 1440
73.1245 1440
73.1256 1440
73.1268 1440
73.3256 1440
73.3647 1440
73.3659 1440
73.3671 1440
73.3683 1440
73.5671 1440
73.5683 1440
73.5695 1440
73.6074 1440
73.6086 1440
73.6098 1440
73.611 1440
73.8098 1440
73.811 1440
73.8122 1440
73.8489 1440
73.8501 1440
73.8513 1440
73.8525 1440
74.0513 1440
74.0525 1440
74.0549 1440
74.0561 1440
74.0916 1440
74.0928 1440
74.094 1440
74.0952 1440
74.294 1440
74.2952 1440
74.2964 1440
74.2976 1440
74.3331 1440
74.5379 1440
74.5391 1440
74.5746 1440
74.7806 1440
74.7818 1440
74.7829 1440
75.0161 1440
75.0232 1440
75.0244 1440
75.0256 1440
75.2244 1440
75.2647 1440
75.2659 1440
75.2671 1440
75.2683 1440
75.2695 1440
75.5062 1440
75.5074 1440
75.5086 1440
75.5098 1440
75.511 1440
75.5122 1440
75.5134 1440
75.7489 1440
75.7501 1440
75.7513 1440
75.7525 1440
75.7537 1440
75.7549 1440
75.9549 1440
75.9561 1440
75.9916 1440
75.9928 1440
75.994 1440
75.9964 1440
75.9975 1440
76.1975 1440
76.1987 1440
76.1999 1440
76.2343 1440
76.2354 1440
76.2378 1440
76.239 1440
76.2402 1440
76.439 1440
76.4805 1440
76.4817 1440
76.6805 1440
76.7232 1440
76.7244 1440
76.7256 1440
76.9647 1440
76.9659 1440
76.9671 1440
76.9683 1440
76.9695 1440
77.2074 1440
77.2086 1440
77.2098 1440
77.211 1440
77.411 1440
77.4122 1440
77.4501 1440
77.4513 1440
77.4525 1440
77.4537 1440
77.6537 1440
77.6548 1440
77.6927 1440
77.6939 1440
77.6951 1440
77.6963 1440
77.8963 1440
77.8975 1440
77.9342 1440
77.9354 1440
77.9366 1440
78.1769 1440
78.1781 1440
78.4196 1440
78.4208 1440
78.422 1440
78.6623 1440
78.6635 1440
78.6647 1440
78.8635 1440
78.905 1440
78.9062 1440
78.9074 1440
79.105 1440
79.1062 1440
79.1477 1440
79.1489 1440
79.15 1440
79.3465 1440
79.3477 1440
79.3891 1440
79.3903 1440
79.3915 1440
79.3927 1440
79.3939 1440
79.5891 1440
79.5903 1440
79.6318 1440
79.633 1440
79.6342 1440
79.6354 1440
79.6366 1440
79.8306 1440
79.8318 1440
79.8733 1440
79.8745 1440
79.8757 1440
79.8769 1440
79.8781 1440
79.8793 1440
79.8805 1440
80.0733 1440
80.0745 1440
80.116 1440
80.1172 1440
80.1184 1440
80.1196 1440
80.1208 1440
80.122 1440
80.3148 1440
80.316 1440
80.3172 1440
80.3575 1440
80.3587 1440
80.3599 1440
80.3611 1440
80.3623 1440
80.3635 1440
80.5563 1440
80.5575 1440
80.5587 1440
80.5599 1440
80.5611 1440
80.6002 1440
80.6014 1440
80.6025 1440
80.6037 1440
80.6049 1440
80.6061 1440
80.799 1440
80.8002 1440
80.8014 1440
80.8025 1440
80.8037 1440
80.8416 1440
80.8428 1440
80.844 1440
80.8452 1440
80.8464 1440
80.8476 1440
81.0404 1440
81.0416 1440
81.0428 1440
81.044 1440
81.0452 1440
81.0464 1440
81.0476 1440
81.0843 1440
81.0855 1440
81.0867 1440
81.0879 1440
81.0891 1440
81.0903 1440
81.2831 1440
81.2843 1440
81.2855 1440
81.2867 1440
81.2879 1440
81.2891 1440
81.2903 1440
81.3258 1440
81.327 1440
81.3282 1440
81.3294 1440
81.3306 1440
81.3318 1440
81.5246 1440
81.5258 1440
81.5282 1440
81.5294 1440
81.5306 1440
81.5318 1440
81.533 1440
81.5342 1440
81.5685 1440
81.5697 1440
81.5709 1440
81.5721 1440
81.5733 1440
81.5745 1440
81.7673 1440
81.7685 1440
81.7697 1440
81.7709 1440
81.7721 1440
81.816 1440
82.0088 1440
82.01 1440
82.0112 1440
82.0136 1440
82.2503 1440
82.2515 1440
82.2527 1440
82.2539 1440
82.2551 1440
82.2563 1440
82.4918 1440
82.493 1440
82.7333 1440
82.7345 1440
82.9759 1440
82.9771 1440
82.9783 1440
83.2186 1440
83.2198 1440
83.4198 1440
83.421 1440
83.4613 1440
83.4625 1440
83.6625 1440
83.6637 1440
83.6649 1440
83.704 1440
83.7052 1440
83.9052 1440
83.9064 1440
83.9076 1440
83.9455 1440
83.9467 1440
84.1467 1440
84.1479 1440
84.1491 1440
84.187 1440
84.1882 1440
84.1894 1440
84.3882 1440
84.3894 1440
84.3905 1440
84.4284 1440
84.4296 1440
84.4308 1440
84.432 1440
84.4332 1440
84.6308 1440
84.632 1440
84.6699 1440
84.6711 1440
84.6723 1440
84.6735 1440
84.6747 1440
84.6759 1440
84.6771 1440
84.8735 1440
84.8747 1440
84.9126 1440
84.9138 1440
84.915 1440
84.9162 1440
84.9174 1440
84.9186 1440
84.9198 1440
85.115 1440
85.1162 1440
85.1541 1440
85.1553 1440
85.1565 1440
85.1577 1440
85.1589 1440
85.1601 1440
85.1613 1440
85.1625 1440
85.1637 1440
85.3577 1440
85.3589 1440
85.3968 1440
85.398 1440
85.3992 1440
85.4004 1440
85.4016 1440
85.4028 1440
85.404 1440
85.4051 1440
85.5992 1440
85.6004 1440
85.6016 1440
85.6383 1440
85.6395 1440
85.6407 1440
85.6419 1440
85.643 1440
85.6442 1440
85.6454 1440
85.6466 1440
85.8407 1440
85.8419 1440
85.843 1440
85.8442 1440
85.8454 1440
85.881 1440
85.8821 1440
85.8833 1440
85.8845 1440
85.8857 1440
85.8869 1440
85.8881 1440
85.8893 1440
86.0833 1440
86.0845 1440
86.0857 1440
86.0869 1440
86.0881 1440
86.1224 1440
86.1236 1440
86.1248 1440
86.126 1440
86.1272 1440
86.1284 1440
86.1296 1440
86.1308 1440
86.3248 1440
86.326 1440
86.3272 1440
86.3284 1440
86.3296 1440
86.3308 1440
86.332 1440
86.3651 1440
86.3663 1440
86.3675 1440
86.3687 1440
86.3699 1440
86.3711 1440
86.3723 1440
86.3735 1440
86.5675 1440
86.5687 1440
86.5699 1440
86.5711 1440
86.5723 1440
86.5735 1440
86.5747 1440
86.6066 1440
86.6078 1440
86.609 1440
86.6102 1440
86.6114 1440
86.6126 1440
86.6138 1440
86.615 1440
86.809 1440
86.8102 1440
86.8114 1440
86.8126 1440
86.8138 1440
86.815 1440
86.8162 1440
86.8174 1440
86.8186 1440
86.8493 1440
86.8505 1440
86.8517 1440
86.8529 1440
86.8541 1440
86.8553 1440
86.8565 1440
86.8577 1440
87.0517 1440
87.0529 1440
87.0541 1440
87.0553 1440
87.0565 1440
87.0577 1440
87.0588 1440
87.06 1440
87.0908 1440
87.092 1440
87.0932 1440
87.0944 1440
87.0956 1440
87.0967 1440
87.0979 1440
87.0991 1440
87.1003 1440
87.2932 1440
87.2944 1440
87.2956 1440
87.2967 1440
87.2979 1440
87.2991 1440
87.3003 1440
87.3015 1440
87.3323 1440
87.3335 1440
87.3346 1440
87.3358 1440
87.337 1440
87.3382 1440
87.3394 1440
87.3406 1440
87.3418 1440
87.343 1440
87.3442 1440
87.5358 1440
87.537 1440
87.5382 1440
87.5394 1440
87.5406 1440
87.5418 1440
87.543 1440
87.5442 1440
87.5749 1440
87.5761 1440
87.5773 1440
87.5785 1440
87.5797 1440
87.5809 1440
87.5821 1440
87.5833 1440
87.5845 1440
87.5857 1440
87.5869 1440
87.7773 1440
87.7785 1440
87.7797 1440
87.7821 1440
87.7833 1440
87.7845 1440
87.7857 1440
87.8164 1440
87.8176 1440
87.8188 1440
87.82 1440
87.8212 1440
87.8224 1440
87.8236 1440
87.8248 1440
87.826 1440
87.8272 1440
87.8284 1440
87.8296 1440
87.8308 1440
88.02 1440
88.0212 1440
88.0236 1440
88.0248 1440
88.026 1440
88.0272 1440
88.0699 1440
88.0711 1440
88.0723 1440
88.2615 1440
88.2627 1440
88.2651 1440
88.2663 1440
88.2675 1440
88.2687 1440
88.3126 1440
88.3137 1440
88.503 1440
88.5042 1440
88.5066 1440
88.5078 1440
88.509 1440
88.5102 1440
88.5114 1440
88.554 1440
88.5552 1440
88.7445 1440
88.7457 1440
88.7481 1440
88.7493 1440
88.7505 1440
88.7517 1440
88.7529 1440
88.754 1440
88.7552 1440
88.7967 1440
88.7979 1440
88.9872 1440
88.9884 1440
88.9908 1440
88.9919 1440
88.9931 1440
88.9943 1440
88.9955 1440
88.9967 1440
88.9979 1440
89.0382 1440
89.0394 1440
89.2286 1440
89.2298 1440
89.2322 1440
89.2334 1440
89.2346 1440
89.2358 1440
89.237 1440
89.2382 1440
89.2394 1440
89.2406 1440
89.2809 1440
89.2821 1440
89.4713 1440
89.4725 1440
89.4749 1440
89.4761 1440
89.4773 1440
89.4785 1440
89.4797 1440
89.4809 1440
89.4821 1440
89.4833 1440
89.4845 1440
89.5224 1440
89.5236 1440
89.7128 1440
89.7236 1440
89.7248 1440
89.726 1440
89.7639 1440
89.7651 1440
89.9543 1440
89.9663 1440
89.9675 1440
90.0054 1440
90.0066 1440
