0.120056 0
0.360163 0
0.36155 1440
0.603036 1440
0.604231 1440
0.845717 1440
0.846912 1440
0.848108 1440
1.0884 1440
1.08959 1440
1.09079 1440
1.28959 1440
1.29079 1440
1.33108 1440
1.33228 1440
1.33347 1440
1.53108 1440
1.53228 1440
1.53347 1440
1.57257 1440
1.57376 1440
1.57496 1440
1.57615 1440
1.57735 1440
1.57854 1440
1.77376 1440
1.77496 1440
1.77615 1440
1.81405 1440
1.81525 1440
1.81644 1440
1.81764 1440
1.81883 1440
1.82003 1440
1.82122 1440
1.82242 1440
1.82361 1440
2.01525 1440
2.01644 1440
2.01764 1440
2.01883 1440
2.02003 1440
2.02122 1440
2.05673 1440
2.05793 1440
2.05912 1440
2.06032 1440
2.06151 1440
2.06271 1440
2.0639 1440
2.0651 1440
2.06629 1440
2.06749 1440
2.06869 1440
2.06988 1440
2.25673 1440
2.25793 1440
2.25912 1440
2.26032 1440
2.26151 1440
2.26271 1440
2.2639 1440
2.2651 1440
2.26629 1440
2.29822 1440
2.29941 1440
2.30061 1440
2.3018 1440
2.3042 1440
2.30539 1440
2.30659 1440
2.30778 1440
2.30898 1440
2.31017 1440
2.31137 1440
2.31256 1440
2.31495 1440
2.31615 1440
2.31734 1440
2.31854 1440
2.49822 1440
2.49941 1440
2.50061 1440
2.5018 1440
2.503 1440
2.5042 1440
2.50539 1440
2.50659 1440
2.50778 1440
2.50898 1440
2.51017 1440
2.51137 1440
2.51256 1440
2.51376 1440
2.51495 1440
2.5409 1440
2.5421 1440
2.54329 1440
2.54449 1440
2.54568 1440
2.54688 1440
2.54807 1440
2.54927 1440
2.55046 1440
2.74928 1440
2.75048 1440
2.75167 1440
2.75287 1440
2.75406 1440
2.75526 1440
2.75645 1440
2.7824 1440
2.7836 1440
2.78479 1440
2.78599 1440
2.78718 1440
2.78838 1440
2.78957 1440
2.79077 1440
2.79316 1440
2.99077 1440
2.99316 1440
2.99435 1440
2.99555 1440
2.99674 1440
2.99794 1440
2.99913 1440
3.02508 1440
3.02628 1440
3.02747 1440
3.02867 1440
3.02986 1440
3.03106 1440
3.03225 1440
3.03345 1440
3.23225 1440
3.23345 1440
3.23584 1440
3.23704 1440
3.23823 1440
3.23943 1440
3.24062 1440
3.24182 1440
3.24301 1440
3.26776 1440
3.26896 1440
3.27015 1440
3.27135 1440
3.27255 1440
3.27374 1440
3.27494 1440
3.27613 1440
3.47494 1440
3.47613 1440
3.47852 1440
3.47972 1440
3.48091 1440
3.48211 1440
3.4833 1440
3.4845 1440
3.50925 1440
3.51045 1440
3.51164 1440
3.51284 1440
3.51403 1440
3.51523 1440
3.51642 1440
3.51762 1440
3.71762 1440
3.72001 1440
3.7212 1440
3.7224 1440
3.72359 1440
3.72479 1440
3.72598 1440
3.72718 1440
3.75074 1440
3.75193 1440
3.75313 1440
3.75432 1440
3.75552 1440
3.75671 1440
3.75791 1440
3.7591 1440
3.9591 1440
3.9603 1440
3.9615 1440
3.9627 1440
3.96748 1440
3.96867 1440
3.99223 1440
3.99343 1440
3.99462 1440
3.99582 1440
3.99701 1440
3.99821 1440
3.9994 1440
4.0006 1440
4.2006 1440
4.20179 1440
4.20299 1440
4.20419 1440
4.21016 1440
4.21135 1440
4.23491 1440
4.23611 1440
4.2373 1440
4.2385 1440
4.23969 1440
4.24089 1440
4.24208 1440
4.24328 1440
4.44328 1440
4.44447 1440
4.44568 1440
4.44687 1440
4.45284 1440
4.45403 1440
4.47759 1440
4.47879 1440
4.47998 1440
4.48118 1440
4.48237 1440
4.48357 1440
4.48476 1440
4.48596 1440
4.48715 1440
4.68596 1440
4.68715 1440
4.68836 1440
4.68955 1440
4.69552 1440
4.69672 1440
4.72027 1440
4.72147 1440
4.72266 1440
4.72386 1440
4.72506 1440
4.72625 1440
4.72745 1440
4.72864 1440
4.92745 1440
4.92864 1440
4.92984 1440
4.93104 1440
4.93701 1440
4.9382 1440
4.96176 1440
4.96296 1440
4.96415 1440
4.96535 1440
4.96654 1440
4.96774 1440
4.96893 1440
4.97013 1440
5.16893 1440
5.17013 1440
5.17132 1440
5.17252 1440
5.17371 1440
5.17849 1440
5.17969 1440
5.20325 1440
5.20444 1440
5.20564 1440
5.20683 1440
5.20803 1440
5.20922 1440
5.21042 1440
5.21161 1440
5.41042 1440
5.41161 1440
5.4152 1440
5.41639 1440
5.41759 1440
5.41878 1440
5.42117 1440
5.42237 1440
5.44593 1440
5.44712 1440
5.44832 1440
5.44951 1440
5.45071 1440
5.4519 1440
5.4531 1440
5.45429 1440
5.6531 1440
5.65429 1440
5.65788 1440
5.65907 1440
5.66027 1440
5.66147 1440
5.66266 1440
5.66386 1440
5.66505 1440
5.68861 1440
5.6898 1440
5.691 1440
5.69219 1440
5.69339 1440
5.69459 1440
5.69578 1440
5.69698 1440
5.89578 1440
5.89698 1440
5.90056 1440
5.90176 1440
5.90295 1440
5.90415 1440
5.90534 1440
5.90654 1440
5.9301 1440
5.93129 1440
5.93249 1440
5.93368 1440
5.93488 1440
5.93607 1440
5.93727 1440
5.93846 1440
6.13727 1440
6.13846 1440
6.14205 1440
6.14324 1440
6.14444 1440
6.14563 1440
6.14683 1440
6.14802 1440
6.14922 1440
6.17158 1440
6.17278 1440
6.17397 1440
6.17517 1440
6.17636 1440
6.17756 1440
6.17875 1440
6.17995 1440
6.37875 1440
6.37995 1440
6.38353 1440
6.38473 1440
6.38592 1440
6.38712 1440
6.38831 1440
6.38951 1440
6.3907 1440
6.3919 1440
6.41426 1440
6.41546 1440
6.41785 1440
6.41904 1440
6.42024 1440
6.42143 1440
6.42263 1440
6.62143 1440
6.62263 1440
6.62621 1440
6.62741 1440
6.6286 1440
6.6298 1440
6.631 1440
6.63219 1440
6.63339 1440
6.63458 1440
6.63578 1440
6.65694 1440
6.65814 1440
6.65934 1440
6.66054 1440
6.66173 1440
6.86771 1440
6.8689 1440
6.8701 1440
6.87129 1440
6.87249 1440
6.87368 1440
6.87488 1440
6.87607 1440
6.87727 1440
6.89844 1440
6.89963 1440
6.90084 1440
6.90203 1440
6.90323 1440
7.11039 1440
7.11158 1440
7.11278 1440
7.11398 1440
7.11517 1440
7.11637 1440
7.11756 1440
7.11876 1440
7.13992 1440
7.14112 1440
7.14231 1440
7.14351 1440
7.1447 1440
7.1459 1440
7.14709 1440
7.35307 1440
7.35427 1440
7.35546 1440
7.35666 1440
7.35785 1440
7.35905 1440
7.36024 1440
7.36144 1440
7.3826 1440
7.3838 1440
7.385 1440
7.38619 1440
7.38739 1440
7.38858 1440
7.58858 1440
7.59575 1440
7.59695 1440
7.59814 1440
7.59934 1440
7.60053 1440
7.60173 1440
7.60292 1440
7.60412 1440
7.62529 1440
7.62648 1440
7.62768 1440
7.62887 1440
7.63126 1440
7.63246 1440
7.83724 1440
7.83843 1440
7.83963 1440
7.84082 1440
7.84202 1440
7.84321 1440
7.84441 1440
7.8456 1440
7.86677 1440
7.86797 1440
7.86916 1440
7.87036 1440
7.87276 1440
7.87395 1440
7.87515 1440
8.07873 1440
8.10946 1440
8.11066 1440
8.11185 1440
8.11425 1440
8.11544 1440
8.11664 1440
8.32022 1440
8.35214 1440
8.35334 1440
8.35574 1440
8.35693 1440
8.35813 1440
8.35932 1440
8.59363 1440
8.59482 1440
8.59722 1440
8.59842 1440
8.59961 1440
8.60081 1440
8.80081 1440
8.83631 1440
8.8375 1440
8.8387 1440
8.8399 1440
8.8411 1440
8.84229 1440
8.84349 1440
9.0778 1440
9.07899 1440
9.08019 1440
9.08138 1440
9.08258 1440
9.08378 1440
9.08497 1440
9.08617 1440
9.32048 1440
9.32167 1440
9.32287 1440
9.32406 1440
9.32526 1440
9.32645 1440
9.32765 1440
9.32884 1440
9.33004 1440
9.56316 1440
9.56435 1440
9.56555 1440
9.56674 1440
9.56794 1440
9.56913 1440
9.57033 1440
9.57152 1440
9.77152 1440
9.80584 1440
9.80703 1440
9.80823 1440
9.80943 1440
9.81062 1440
9.81182 1440
9.81301 1440
9.81421 1440
9.8154 1440
10.0473 1440
10.0485 1440
10.0497 1440
10.0509 1440
10.0521 1440
10.0533 1440
10.0545 1440
10.0557 1440
10.0569 1440
10.0581 1440
10.29 1440
10.2912 1440
10.2924 1440
10.2936 1440
10.2948 1440
10.296 1440
10.2972 1440
10.2984 1440
10.2996 1440
10.3008 1440
10.302 1440
10.5327 1440
10.5339 1440
10.5351 1440
10.5363 1440
10.5375 1440
10.5387 1440
10.5399 1440
10.5411 1440
10.5422 1440
10.5434 1440
10.7434 1440
10.7754 1440
10.7766 1440
10.7778 1440
10.779 1440
10.7802 1440
10.7813 1440
10.7825 1440
10.7837 1440
10.7849 1440
10.7861 1440
10.7873 1440
11.0169 1440
11.0181 1440
11.0192 1440
11.0204 1440
11.0216 1440
11.0228 1440
11.024 1440
11.0252 1440
11.0264 1440
11.0276 1440
11.0288 1440
11.03 1440
11.2595 1440
11.2607 1440
11.2619 1440
11.2631 1440
11.2643 1440
11.2655 1440
11.2667 1440
11.2679 1440
11.2691 1440
11.2703 1440
11.2715 1440
11.2727 1440
11.2739 1440
11.5022 1440
11.5034 1440
11.5046 1440
11.5058 1440
11.507 1440
11.5082 1440
11.5094 1440
11.5106 1440
11.5118 1440
11.513 1440
11.5142 1440
11.5154 1440
11.7154 1440
11.7166 1440
11.7449 1440
11.7461 1440
11.7473 1440
11.7485 1440
11.7497 1440
11.7509 1440
11.7521 1440
11.7533 1440
11.7545 1440
11.7557 1440
11.7569 1440
11.758 1440
11.958 1440
11.9592 1440
11.9876 1440
11.9888 1440
11.99 1440
11.9912 1440
11.9924 1440
11.9936 1440
11.9948 1440
11.9959 1440
11.9971 1440
11.9983 1440
11.9995 1440
12.0007 1440
12.0019 1440
12.2007 1440
12.2019 1440
12.2303 1440
12.2315 1440
12.2327 1440
12.2338 1440
12.235 1440
12.2362 1440
12.2374 1440
12.2386 1440
12.2398 1440
12.241 1440
12.2422 1440
12.2434 1440
12.4422 1440
12.4434 1440
12.4717 1440
12.4729 1440
12.4741 1440
12.4753 1440
12.4765 1440
12.4777 1440
12.4789 1440
12.4801 1440
12.4813 1440
12.4825 1440
12.4837 1440
12.4849 1440
12.4861 1440
12.6837 1440
12.6849 1440
12.7132 1440
12.7144 1440
12.7156 1440
12.7168 1440
12.718 1440
12.7192 1440
12.7204 1440
12.7216 1440
12.7228 1440
12.724 1440
12.7252 1440
12.7264 1440
12.7276 1440
12.7288 1440
12.9264 1440
12.9276 1440
12.9559 1440
12.9571 1440
12.9583 1440
12.9595 1440
12.9607 1440
12.9619 1440
12.9631 1440
12.9643 1440
12.9655 1440
12.9667 1440
12.9679 1440
12.9691 1440
12.9703 1440
12.9715 1440
13.1679 1440
13.1691 1440
13.1974 1440
13.2094 1440
13.2106 1440
13.2118 1440
13.2129 1440
13.4094 1440
13.4106 1440
13.4389 1440
13.452 1440
13.4532 1440
13.4544 1440
13.4556 1440
13.6521 1440
13.6532 1440
13.6935 1440
13.6947 1440
13.6959 1440
13.6971 1440
13.6983 1440
13.8935 1440
13.8947 1440
13.935 1440
13.9362 1440
13.9374 1440
13.9386 1440
13.9398 1440
13.941 1440
14.1362 1440
14.1374 1440
14.1777 1440
14.1789 1440
14.1801 1440
14.1813 1440
14.1825 1440
14.1837 1440
14.1849 1440
14.3789 1440
14.3801 1440
14.4204 1440
14.4216 1440
14.4252 1440
14.4264 1440
14.4275 1440
14.4287 1440
14.6204 1440
14.6216 1440
14.6619 1440
14.6631 1440
14.6666 1440
14.6678 1440
14.669 1440
14.6702 1440
14.8619 1440
14.8631 1440
14.9033 1440
14.9045 1440
14.9057 1440
14.9081 1440
14.9093 1440
14.9105 1440
14.9117 1440
15.1034 1440
15.1046 1440
15.1448 1440
15.146 1440
15.1472 1440
15.1484 1440
15.1508 1440
15.152 1440
15.1532 1440
15.1544 1440
15.346 1440
15.3472 1440
15.3875 1440
15.3887 1440
15.3899 1440
15.3911 1440
15.3923 1440
15.3935 1440
15.3947 1440
15.3959 1440
15.3971 1440
15.5887 1440
15.5899 1440
15.6302 1440
15.6314 1440
15.6326 1440
15.6338 1440
15.635 1440
15.6362 1440
15.6374 1440
15.6386 1440
15.8302 1440
15.8314 1440
15.8717 1440
15.8729 1440
15.8741 1440
15.8753 1440
15.8765 1440
15.8777 1440
15.8789 1440
15.8801 1440
15.8812 1440
16.0717 1440
16.0729 1440
16.1132 1440
16.1144 1440
16.1156 1440
16.118 1440
16.1191 1440
16.1203 1440
16.1215 1440
16.1227 1440
16.1239 1440
16.3144 1440
16.3156 1440
16.3559 1440
16.357 1440
16.3582 1440
16.3594 1440
16.3606 1440
16.3618 1440
16.363 1440
16.5997 1440
16.6009 1440
16.6021 1440
16.6033 1440
16.6045 1440
16.8424 1440
16.8436 1440
16.8448 1440
16.846 1440
17.046 1440
17.0472 1440
17.0851 1440
17.0863 1440
17.0875 1440
17.0887 1440
17.2887 1440
17.2899 1440
17.3278 1440
17.329 1440
17.3302 1440
17.3314 1440
17.5314 1440
17.5326 1440
17.5705 1440
17.5717 1440
17.5729 1440
17.5741 1440
17.5752 1440
17.7741 1440
17.7752 1440
17.8131 1440
17.8143 1440
17.8155 1440
17.8167 1440
18.0155 1440
18.0167 1440
18.0546 1440
18.0558 1440
18.057 1440
18.0582 1440
18.0594 1440
18.2582 1440
18.2961 1440
18.2973 1440
18.2985 1440
18.2997 1440
18.3009 1440
18.4997 1440
18.5376 1440
18.5388 1440
18.7791 1440
18.7803 1440
19.0206 1440
19.0218 1440
19.023 1440
19.2621 1440
19.2645 1440
19.2657 1440
19.506 1440
19.5072 1440
19.7072 1440
19.7487 1440
19.7498 1440
19.751 1440
19.9901 1440
19.9913 1440
19.9925 1440
19.9937 1440
20.2328 1440
20.234 1440
20.2352 1440
20.2364 1440
20.2376 1440
20.4755 1440
20.4779 1440
20.4791 1440
20.6791 1440
20.7194 1440
20.7206 1440
20.7218 1440
20.9206 1440
20.9633 1440
21.1621 1440
21.4036 1440
21.4047 1440
21.6462 1440
21.6474 1440
21.8889 1440
21.8913 1440
22.1328 1440
22.134 1440
22.3743 1440
22.3755 1440
22.6158 1440
22.617 1440
22.8597 1440
23.1012 1440
23.3427 1440
23.5841 1440
23.5853 1440
23.8256 1440
24.0268 1440
24.2671 1440
24.4683 1440
24.4695 1440
24.7086 1440
24.711 1440
24.7122 1440
24.9537 1440
24.9549 1440
25.1537 1440
25.1952 1440
25.1964 1440
25.3952 1440
25.4379 1440
25.6367 1440
25.8781 1440
25.8793 1440
26.1208 1440
26.122 1440
26.3635 1440
26.3659 1440
26.6074 1440
26.6086 1440
26.8489 1440
26.8501 1440
27.0904 1440
27.0916 1440
27.3331 1440
27.3343 1440
27.5757 1440
27.5769 1440
27.8184 1440
27.8196 1440
27.8208 1440
28.0611 1440
28.0623 1440
28.2623 1440
28.3038 1440
28.305 1440
28.3062 1440
28.5453 1440
28.5465 1440
28.5477 1440
28.5489 1440
28.788 1440
28.7891 1440
28.7903 1440
28.7915 1440
28.7927 1440
29.0306 1440
29.0318 1440
29.033 1440
29.0342 1440
29.2342 1440
29.2733 1440
29.2745 1440
29.2757 1440
29.2769 1440
29.2781 1440
29.5148 1440
29.516 1440
29.5172 1440
29.5184 1440
29.5196 1440
29.5208 1440
29.7575 1440
29.7587 1440
29.7599 1440
29.7611 1440
29.7623 1440
29.7635 1440
29.7647 1440
30.0002 1440
30.0014 1440
30.0026 1440
30.0037 1440
30.0049 1440
30.0061 1440
30.2061 1440
30.2428 1440
30.244 1440
30.2452 1440
30.2464 1440
30.2476 1440
30.2488 1440
30.25 1440
30.4843 1440
30.4855 1440
30.4867 1440
30.4879 1440
30.4891 1440
30.4903 1440
30.4915 1440
30.4927 1440
30.727 1440
30.7282 1440
30.7294 1440
30.7306 1440
30.7318 1440
30.733 1440
30.7342 1440
30.7354 1440
30.7366 1440
30.9697 1440
30.9709 1440
30.9721 1440
30.9733 1440
30.9745 1440
30.9757 1440
30.9769 1440
30.9781 1440
31.1781 1440
31.2124 1440
31.2136 1440
31.2148 1440
31.216 1440
31.2172 1440
31.2183 1440
31.2195 1440
31.4539 1440
31.4551 1440
31.4562 1440
31.4574 1440
31.4586 1440
31.4598 1440
31.461 1440
31.4622 1440
31.4634 1440
31.4646 1440
31.6965 1440
31.6977 1440
31.6989 1440
31.7001 1440
31.7013 1440
31.7025 1440
31.7037 1440
31.7049 1440
31.7061 1440
31.7073 1440
31.7085 1440
31.9392 1440
31.9404 1440
31.9416 1440
31.9428 1440
31.944 1440
31.9452 1440
31.9464 1440
31.9476 1440
31.9488 1440
31.95 1440
32.15 1440
32.1512 1440
32.1819 1440
32.1831 1440
32.1867 1440
32.1879 1440
32.1891 1440
32.1903 1440
32.1915 1440
32.1927 1440
32.1939 1440
32.195 1440
32.3927 1440
32.3939 1440
32.4246 1440
32.4258 1440
32.4294 1440
32.4318 1440
32.433 1440
32.4341 1440
32.4353 1440
32.4365 1440
32.4377 1440
32.4389 1440
32.6353 1440
32.6365 1440
32.6673 1440
32.6685 1440
32.6732 1440
32.6744 1440
32.6756 1440
32.6768 1440
32.91 1440
32.9147 1440
32.9159 1440
32.9171 1440
32.9183 1440
33.1562 1440
33.1586 1440
33.1598 1440
33.3598 1440
33.361 1440
33.4001 1440
33.4013 1440
33.4025 1440
33.6013 1440
33.644 1440
33.8428 1440
34.0843 1440
34.0855 1440
34.327 1440
34.3282 1440
34.5696 1440
34.5708 1440
34.572 1440
34.8123 1440
34.8135 1440
35.0135 1440
35.055 1440
35.0562 1440
35.0574 1440
35.2965 1440
35.2977 1440
35.2989 1440
35.3001 1440
35.5392 1440
35.5404 1440
35.5416 1440
35.5428 1440
35.544 1440
35.7819 1440
35.783 1440
35.7842 1440
35.7854 1440
35.9854 1440
36.0245 1440
36.0257 1440
36.0269 1440
36.0281 1440
36.0293 1440
36.266 1440
36.2672 1440
36.2684 1440
36.2696 1440
36.2708 1440
36.272 1440
36.5087 1440
36.5099 1440
36.5111 1440
36.5123 1440
36.5135 1440
36.5147 1440
36.5159 1440
36.7514 1440
36.7526 1440
36.7538 1440
36.755 1440
36.7562 1440
36.7574 1440
36.9574 1440
36.9941 1440
36.9953 1440
36.9965 1440
36.9977 1440
36.9988 1440
37 1440
37.0012 1440
37.2356 1440
37.2367 1440
37.2391 1440
37.2403 1440
37.2415 1440
37.2427 1440
37.2439 1440
37.4782 1440
37.4794 1440
37.4806 1440
37.4818 1440
37.483 1440
37.7221 1440
37.7233 1440
37.7245 1440
37.9648 1440
37.966 1440
38.166 1440
38.2075 1440
38.2087 1440
38.449 1440
38.4502 1440
38.4514 1440
38.6502 1440
38.6917 1440
38.6928 1440
38.8917 1440
38.8928 1440
38.9343 1440
38.9355 1440
38.9367 1440
39.1343 1440
39.1355 1440
39.177 1440
39.1782 1440
39.3758 1440
39.377 1440
39.4185 1440
39.4197 1440
39.6173 1440
39.6185 1440
39.6197 1440
39.66 1440
39.6612 1440
39.8588 1440
39.86 1440
39.8612 1440
39.8624 1440
39.9027 1440
39.9039 1440
40.1015 1440
40.1027 1440
40.1039 1440
40.1051 1440
40.1063 1440
40.1454 1440
40.1465 1440
40.3442 1440
40.3454 1440
40.3465 1440
40.3477 1440
40.3868 1440
40.388 1440
40.5856 1440
40.5868 1440
40.588 1440
40.5892 1440
40.6283 1440
40.6295 1440
40.6307 1440
40.8271 1440
40.8283 1440
40.8295 1440
40.8307 1440
40.8698 1440
40.871 1440
40.8722 1440
40.8734 1440
41.0698 1440
41.071 1440
41.0722 1440
41.0734 1440
41.1125 1440
41.1137 1440
41.1149 1440
41.1161 1440
41.1173 1440
41.3125 1440
41.3137 1440
41.3149 1440
41.3161 1440
41.3552 1440
41.3564 1440
41.3576 1440
41.3588 1440
41.554 1440
41.5552 1440
41.5564 1440
41.5576 1440
41.5967 1440
41.5979 1440
41.599 1440
41.6002 1440
41.6014 1440
41.7955 1440
41.7967 1440
41.7979 1440
41.799 1440
41.8381 1440
41.8393 1440
41.8405 1440
41.8417 1440
41.8429 1440
41.8441 1440
42.0381 1440
42.0393 1440
42.0405 1440
42.0417 1440
42.0429 1440
42.0808 1440
42.082 1440
42.0832 1440
42.0844 1440
42.0856 1440
42.0868 1440
42.2808 1440
42.282 1440
42.2832 1440
42.2844 1440
42.3223 1440
42.3235 1440
42.3247 1440
42.3259 1440
42.3271 1440
42.3283 1440
42.5223 1440
42.5235 1440
42.5247 1440
42.5259 1440
42.5271 1440
42.5638 1440
42.565 1440
42.5662 1440
42.5674 1440
42.5686 1440
42.5698 1440
42.7638 1440
42.765 1440
42.7662 1440
42.7674 1440
42.7686 1440
42.7698 1440
42.8065 1440
42.8077 1440
42.8089 1440
42.8101 1440
42.8113 1440
42.8125 1440
42.8137 1440
43.0065 1440
43.0077 1440
43.0089 1440
43.0101 1440
43.0113 1440
43.0125 1440
43.0492 1440
43.0504 1440
43.0516 1440
43.0527 1440
43.0539 1440
43.0551 1440
43.248 1440
43.2492 1440
43.2504 1440
43.2516 1440
43.2527 1440
43.2539 1440
43.2551 1440
43.2906 1440
43.2918 1440
43.293 1440
43.2942 1440
43.2954 1440
43.2966 1440
43.4895 1440
43.4906 1440
43.4918 1440
43.493 1440
43.4942 1440
43.4954 1440
43.4966 1440
43.4978 1440
43.5333 1440
43.5345 1440
43.5357 1440
43.5369 1440
43.5381 1440
43.5393 1440
43.5405 1440
43.7321 1440
43.7333 1440
43.7345 1440
43.7357 1440
43.7369 1440
43.7381 1440
43.7393 1440
43.7405 1440
43.776 1440
43.7772 1440
43.7784 1440
43.7796 1440
43.7808 1440
43.782 1440
43.9736 1440
43.9748 1440
43.976 1440
43.9772 1440
43.9784 1440
43.9796 1440
43.9808 1440
43.982 1440
43.9832 1440
44.0175 1440
44.0187 1440
44.0199 1440
44.0211 1440
44.0223 1440
44.0235 1440
44.2151 1440
44.2163 1440
44.2175 1440
44.2187 1440
44.2199 1440
44.2211 1440
44.2223 1440
44.2235 1440
44.2247 1440
44.2259 1440
44.2271 1440
44.2602 1440
44.2614 1440
44.2626 1440
44.2638 1440
44.265 1440
44.2662 1440
44.4578 1440
44.459 1440
44.4614 1440
44.4626 1440
44.4638 1440
44.465 1440
44.4673 1440
44.4685 1440
44.4697 1440
44.5017 1440
44.5029 1440
44.5041 1440
44.5052 1440
44.5064 1440
44.5076 1440
44.6993 1440
44.7005 1440
44.7029 1440
44.7041 1440
44.7053 1440
44.7065 1440
44.7432 1440
44.7444 1440
44.7456 1440
44.7467 1440
44.7479 1440
44.7491 1440
44.9408 1440
44.942 1440
44.9444 1440
44.9456 1440
44.9468 1440
44.9491 1440
44.9847 1440
44.987 1440
44.9882 1440
44.9894 1440
44.9906 1440
45.1823 1440
45.1835 1440
45.1859 1440
45.187 1440
45.1882 1440
45.1894 1440
45.2261 1440
45.2273 1440
45.2297 1440
45.2309 1440
45.2321 1440
45.2333 1440
45.4249 1440
45.4261 1440
45.4285 1440
45.4297 1440
45.4309 1440
45.4321 1440
45.4688 1440
45.47 1440
45.4712 1440
45.4724 1440
45.4736 1440
45.4748 1440
45.476 1440
45.6676 1440
45.6688 1440
45.6712 1440
45.6724 1440
45.6736 1440
45.6748 1440
45.7115 1440
45.7127 1440
45.7139 1440
45.7151 1440
45.7163 1440
45.7175 1440
45.9091 1440
45.9103 1440
45.9127 1440
45.9139 1440
45.9151 1440
45.9163 1440
45.953 1440
45.9542 1440
45.9554 1440
45.9566 1440
45.9578 1440
45.959 1440
45.9602 1440
46.1506 1440
46.1518 1440
46.1542 1440
46.1554 1440
46.1566 1440
46.1578 1440
46.1945 1440
46.1957 1440
46.1969 1440
46.1981 1440
46.1993 1440
46.2004 1440
46.2016 1440
46.2028 1440
46.3933 1440
46.3945 1440
46.3969 1440
46.3981 1440
46.3993 1440
46.4005 1440
46.4372 1440
46.4383 1440
46.4395 1440
46.4407 1440
46.4419 1440
46.4431 1440
46.4443 1440
46.4455 1440
46.4467 1440
46.636 1440
46.6372 1440
46.6396 1440
46.6407 1440
46.6419 1440
46.6431 1440
46.6798 1440
46.681 1440
46.6822 1440
46.6834 1440
46.6846 1440
46.6858 1440
46.687 1440
46.6882 1440
46.8774 1440
46.8786 1440
46.881 1440
46.8822 1440
46.8834 1440
46.8846 1440
46.9213 1440
46.9225 1440
46.9237 1440
46.9249 1440
46.9261 1440
46.9273 1440
46.9285 1440
46.9297 1440
46.9309 1440
47.1189 1440
47.1201 1440
47.1225 1440
47.1237 1440
47.1249 1440
47.1261 1440
47.1628 1440
47.164 1440
47.1652 1440
47.1664 1440
47.1676 1440
47.1688 1440
47.17 1440
47.1724 1440
47.1736 1440
47.3616 1440
47.3628 1440
47.3652 1440
47.3664 1440
47.3676 1440
47.3688 1440
47.4055 1440
47.4067 1440
47.4079 1440
47.4091 1440
47.4103 1440
47.4115 1440
47.4139 1440
47.4151 1440
47.4163 1440
47.4174 1440
47.6031 1440
47.6103 1440
47.647 1440
47.6482 1440
47.6494 1440
47.6506 1440
47.6518 1440
47.653 1440
47.6554 1440
47.6565 1440
47.6577 1440
47.6589 1440
47.8446 1440
47.8885 1440
47.8897 1440
47.8909 1440
47.8921 1440
47.8932 1440
47.8944 1440
47.8956 1440
47.8968 1440
47.898 1440
47.8992 1440
47.9004 1440
48.0861 1440
48.0873 1440
48.1311 1440
48.1323 1440
48.1335 1440
48.1347 1440
48.1359 1440
48.1371 1440
48.1383 1440
48.1395 1440
48.1407 1440
48.1419 1440
48.3276 1440
48.3288 1440
48.3726 1440
48.3738 1440
48.375 1440
48.3762 1440
48.3774 1440
48.3786 1440
48.3798 1440
48.381 1440
48.3822 1440
48.3834 1440
48.3846 1440
48.569 1440
48.5702 1440
48.6141 1440
48.6153 1440
48.6165 1440
48.6177 1440
48.6189 1440
48.6201 1440
48.6213 1440
48.6225 1440
48.6237 1440
48.6249 1440
48.6261 1440
48.6273 1440
48.8117 1440
48.8129 1440
48.8568 1440
48.858 1440
48.8592 1440
48.8604 1440
48.8616 1440
48.8628 1440
48.864 1440
48.8652 1440
48.8664 1440
48.8676 1440
48.8688 1440
48.8699 1440
48.8711 1440
49.0544 1440
49.0556 1440
49.0995 1440
49.1007 1440
49.1019 1440
49.1031 1440
49.1043 1440
49.1055 1440
49.1067 1440
49.1078 1440
49.109 1440
49.1102 1440
49.1114 1440
49.1126 1440
49.2971 1440
49.341 1440
49.3422 1440
49.3434 1440
49.3446 1440
49.3457 1440
49.3469 1440
49.3481 1440
49.3493 1440
49.3505 1440
49.3517 1440
49.3529 1440
49.3541 1440
49.3553 1440
49.5386 1440
49.5398 1440
49.5825 1440
49.5837 1440
49.5944 1440
49.5956 1440
49.5968 1440
49.7801 1440
49.824 1440
49.8252 1440
49.8263 1440
49.8371 1440
49.8383 1440
50.0216 1440
50.0228 1440
50.0666 1440
50.0678 1440
50.0786 1440
50.0798 1440
50.2631 1440
50.2642 1440
50.3081 1440
50.3093 1440
50.3201 1440
50.3213 1440
50.5045 1440
50.5057 1440
50.5069 1440
50.5496 1440
50.5508 1440
50.5616 1440
50.5627 1440
50.746 1440
50.7472 1440
50.7484 1440
50.7496 1440
50.7923 1440
50.7935 1440
50.8042 1440
50.8054 1440
50.9887 1440
50.9899 1440
50.9911 1440
50.9923 1440
50.9935 1440
51.035 1440
51.0362 1440
51.0469 1440
51.0481 1440
51.2314 1440
51.2326 1440
51.2338 1440
51.235 1440
51.2765 1440
51.2777 1440
51.2884 1440
51.2896 1440
51.4729 1440
51.4741 1440
51.4753 1440
51.4765 1440
51.5179 1440
51.5191 1440
51.5203 1440
51.5299 1440
51.5311 1440
51.7144 1440
51.7156 1440
51.7167 1440
51.7179 1440
51.7594 1440
51.7606 1440
51.7618 1440
51.763 1440
51.7726 1440
51.7738 1440
51.957 1440
51.9582 1440
51.9594 1440
51.9606 1440
52.0021 1440
52.0033 1440
52.0045 1440
52.0057 1440
52.0069 1440
52.0153 1440
52.0164 1440
52.1997 1440
52.2009 1440
52.2021 1440
52.2033 1440
52.2448 1440
52.246 1440
52.2472 1440
52.2484 1440
52.2567 1440
52.2579 1440
52.4436 1440
52.446 1440
52.4472 1440
52.4863 1440
52.4875 1440
52.4887 1440
52.4899 1440
52.4982 1440
52.4994 1440
52.5006 1440
52.6851 1440
52.6863 1440
52.6875 1440
52.6887 1440
52.7278 1440
52.9266 1440
52.9278 1440
52.929 1440
52.9302 1440
52.9693 1440
53.1693 1440
53.1705 1440
53.1717 1440
53.1729 1440
53.4107 1440
53.4119 1440
53.4131 1440
53.4143 1440
53.4155 1440
53.6534 1440
53.6546 1440
53.6558 1440
53.657 1440
53.6582 1440
53.857 1440
53.8961 1440
53.8973 1440
53.8985 1440
53.8997 1440
54.0985 1440
54.0997 1440
54.1388 1440
54.14 1440
54.1412 1440
54.1424 1440
54.1436 1440
54.3412 1440
54.3424 1440
54.3815 1440
54.3827 1440
54.3839 1440
54.3851 1440
54.5827 1440
54.5839 1440
54.623 1440
54.6242 1440
54.6253 1440
54.6265 1440
54.6277 1440
54.8242 1440
54.8254 1440
54.8644 1440
54.8656 1440
54.8668 1440
54.868 1440
54.8692 1440
54.8704 1440
55.0668 1440
55.068 1440
55.1071 1440
55.1083 1440
55.1095 1440
55.1107 1440
55.1119 1440
55.1131 1440
55.3095 1440
55.3107 1440
55.351 1440
55.3522 1440
55.3534 1440
55.3546 1440
55.3558 1440
55.551 1440
55.5522 1440
55.5925 1440
55.7925 1440
55.7937 1440
55.8352 1440
56.034 1440
56.0755 1440
56.2755 1440
56.2767 1440
56.2779 1440
56.517 1440
56.5182 1440
56.5194 1440
56.7194 1440
56.7597 1440
56.7609 1440
56.9609 1440
56.962 1440
57.0011 1440
57.0023 1440
57.2023 1440
57.2035 1440
57.2047 1440
57.2438 1440
57.245 1440
57.445 1440
57.4462 1440
57.4474 1440
57.4853 1440
57.4865 1440
57.6865 1440
57.6877 1440
57.6889 1440
57.7268 1440
57.728 1440
57.928 1440
57.9292 1440
57.9304 1440
57.9316 1440
57.9695 1440
58.1695 1440
58.1707 1440
58.1719 1440
58.1731 1440
58.1743 1440
58.211 1440
58.411 1440
58.4122 1440
58.6525 1440
58.6537 1440
58.8951 1440
58.8963 1440
59.1378 1440
59.139 1440
59.1402 1440
59.3805 1440
59.3817 1440
59.5817 1440
59.6232 1440
59.6244 1440
59.6256 1440
59.8647 1440
59.8659 1440
59.8671 1440
59.8683 1440
60.1074 1440
60.1086 1440
60.1097 1440
60.1109 1440
60.1121 1440
60.35 1440
60.3512 1440
60.3524 1440
60.3536 1440
60.5536 1440
60.5927 1440
60.5939 1440
60.5951 1440
60.5963 1440
60.8342 1440
60.8354 1440
60.8366 1440
60.8378 1440
60.839 1440
61.0378 1440
61.0769 1440
61.0781 1440
61.0793 1440
61.0805 1440
61.2793 1440
61.2805 1440
61.3196 1440
61.3208 1440
61.322 1440
61.3232 1440
61.3243 1440
61.522 1440
61.5232 1440
61.5622 1440
61.5634 1440
61.5646 1440
61.5658 1440
61.7634 1440
61.7646 1440
61.8037 1440
61.8049 1440
61.8061 1440
61.8073 1440
61.8085 1440
62.0049 1440
62.0061 1440
62.0452 1440
62.0464 1440
62.0476 1440
62.0488 1440
62.05 1440
62.0512 1440
62.2476 1440
62.2488 1440
62.2879 1440
62.2891 1440
62.2903 1440
62.2915 1440
62.2927 1440
62.2939 1440
62.2951 1440
62.4903 1440
62.4915 1440
62.5306 1440
62.5318 1440
62.533 1440
62.5342 1440
62.5354 1440
62.5366 1440
62.7318 1440
62.733 1440
62.7721 1440
62.7733 1440
62.7745 1440
62.7757 1440
62.7769 1440
62.778 1440
62.7792 1440
62.9733 1440
62.9745 1440
63.0136 1440
63.0148 1440
63.0159 1440
63.0171 1440
63.0183 1440
63.0195 1440
63.0207 1440
63.0219 1440
63.2159 1440
63.2171 1440
63.2183 1440
63.2562 1440
63.2574 1440
63.2586 1440
63.2598 1440
63.261 1440
63.2622 1440
63.2634 1440
63.2646 1440
63.4586 1440
63.4598 1440
63.4977 1440
63.4989 1440
63.5001 1440
63.5013 1440
63.5025 1440
63.5037 1440
63.5049 1440
63.5061 1440
63.5073 1440
63.7001 1440
63.7013 1440
63.7392 1440
63.7404 1440
63.7416 1440
63.7428 1440
63.744 1440
63.7452 1440
63.7464 1440
63.7476 1440
63.7488 1440
63.75 1440
63.9428 1440
63.944 1440
63.9819 1440
63.9831 1440
63.9843 1440
63.9855 1440
63.9867 1440
63.9879 1440
63.9891 1440
63.9903 1440
63.9915 1440
63.9926 1440
63.9938 1440
64.1855 1440
64.1867 1440
64.2246 1440
64.2258 1440
64.227 1440
64.2282 1440
64.2294 1440
64.2305 1440
64.2317 1440
64.2329 1440
64.2341 1440
64.2353 1440
64.2365 1440
64.427 1440
64.4282 1440
64.4661 1440
64.4673 1440
64.4684 1440
64.4696 1440
64.4708 1440
64.472 1440
64.4732 1440
64.4744 1440
64.4756 1440
64.4768 1440
64.478 1440
64.4792 1440
64.6696 1440
64.6708 1440
64.7087 1440
64.7099 1440
64.7111 1440
64.7123 1440
64.7135 1440
64.7147 1440
64.7159 1440
64.7171 1440
64.7183 1440
64.7195 1440
64.7207 1440
64.7219 1440
64.7231 1440
64.9123 1440
64.9135 1440
64.9514 1440
64.9526 1440
64.9538 1440
64.955 1440
64.9562 1440
64.9574 1440
64.9586 1440
64.9598 1440
64.961 1440
64.9622 1440
64.9634 1440
64.9646 1440
64.9658 1440
65.1538 1440
65.155 1440
65.1929 1440
65.1941 1440
65.1953 1440
65.1965 1440
65.1977 1440
65.1989 1440
65.2001 1440
65.2013 1440
65.2025 1440
65.2037 1440
65.2049 1440
65.2061 1440
65.2072 1440
65.2084 1440
65.2096 1440
65.3965 1440
65.3977 1440
65.4356 1440
65.4368 1440
65.438 1440
65.4392 1440
65.4404 1440
65.4416 1440
65.4428 1440
65.444 1440
65.4451 1440
65.4463 1440
65.4475 1440
65.4487 1440
65.4499 1440
65.4511 1440
65.4523 1440
65.638 1440
65.6392 1440
65.6771 1440
65.6783 1440
65.6795 1440
65.6807 1440
65.6819 1440
65.6831 1440
65.6842 1440
65.6854 1440
65.6866 1440
65.6878 1440
65.689 1440
65.6902 1440
65.6926 1440
65.6938 1440
65.695 1440
65.6962 1440
65.8807 1440
65.8819 1440
65.9198 1440
65.921 1440
65.9221 1440
65.9233 1440
65.9245 1440
65.9257 1440
65.9269 1440
65.9281 1440
65.9293 1440
65.9305 1440
65.9317 1440
65.9329 1440
65.9341 1440
65.9353 1440
65.9365 1440
66.1696 1440
66.1708 1440
66.172 1440
66.1732 1440
66.1744 1440
66.1756 1440
66.1768 1440
66.178 1440
66.4123 1440
66.4135 1440
66.4147 1440
66.4159 1440
66.4171 1440
66.4183 1440
66.4195 1440
66.4207 1440
66.655 1440
66.6562 1440
66.6574 1440
66.6586 1440
66.6598 1440
66.661 1440
66.6621 1440
66.6633 1440
66.6645 1440
66.8977 1440
66.8989 1440
66.9001 1440
66.9012 1440
66.9024 1440
66.9036 1440
66.9048 1440
66.906 1440
67.106 1440
67.1403 1440
67.1415 1440
67.1427 1440
67.1439 1440
67.1451 1440
67.1463 1440
67.1475 1440
67.1487 1440
67.1499 1440
67.3818 1440
67.383 1440
67.3842 1440
67.3854 1440
67.3866 1440
67.3878 1440
67.389 1440
67.3902 1440
67.3914 1440
67.3926 1440
67.6245 1440
67.6257 1440
67.6269 1440
67.6281 1440
67.6293 1440
67.6305 1440
67.6317 1440
67.6329 1440
67.6341 1440
67.6353 1440
67.6365 1440
67.8672 1440
67.8684 1440
67.8696 1440
67.8708 1440
67.872 1440
67.8732 1440
67.8744 1440
67.8756 1440
67.8768 1440
67.8779 1440
68.0779 1440
68.1099 1440
68.1111 1440
68.1123 1440
68.1135 1440
68.1147 1440
68.117 1440
68.1182 1440
68.1194 1440
68.1206 1440
68.1218 1440
68.123 1440
68.3514 1440
68.3526 1440
68.3537 1440
68.3549 1440
68.3561 1440
68.3573 1440
68.3597 1440
68.3609 1440
68.3621 1440
68.3633 1440
68.3645 1440
68.3657 1440
68.594 1440
68.5952 1440
68.5964 1440
68.5976 1440
68.5988 1440
68.6 1440
68.6012 1440
68.6024 1440
68.6036 1440
68.6048 1440
68.606 1440
68.6072 1440
68.6084 1440
68.8367 1440
68.8379 1440
68.8391 1440
68.8403 1440
68.8415 1440
68.8427 1440
68.8439 1440
68.8451 1440
68.8463 1440
68.8475 1440
68.8487 1440
68.8499 1440
69.0499 1440
69.0794 1440
69.0806 1440
69.0818 1440
69.083 1440
69.0842 1440
69.0854 1440
69.0866 1440
69.0878 1440
69.089 1440
69.0902 1440
69.0914 1440
69.0925 1440
69.0937 1440
69.3209 1440
69.3221 1440
69.3233 1440
69.3245 1440
69.3257 1440
69.3269 1440
69.3281 1440
69.3293 1440
69.3304 1440
69.3316 1440
69.3328 1440
69.334 1440
69.3352 1440
69.3364 1440
69.3376 1440
69.5636 1440
69.5648 1440
69.566 1440
69.5672 1440
69.5683 1440
69.5695 1440
69.5707 1440
69.5719 1440
69.5731 1440
69.5743 1440
69.5755 1440
69.5767 1440
69.5779 1440
69.5791 1440
69.7791 1440
69.8062 1440
69.8074 1440
69.8086 1440
69.8098 1440
69.811 1440
69.8122 1440
69.8134 1440
69.8146 1440
69.8158 1440
69.817 1440
69.8182 1440
69.8194 1440
69.8206 1440
69.8218 1440
69.823 1440
70.0477 1440
70.0489 1440
70.0501 1440
70.0513 1440
70.0525 1440
70.0537 1440
70.0549 1440
70.0561 1440
70.0573 1440
70.0585 1440
70.0597 1440
70.0609 1440
70.0621 1440
70.0633 1440
70.0645 1440
70.0657 1440
70.2904 1440
70.2916 1440
70.2928 1440
70.294 1440
70.2952 1440
70.2964 1440
70.2976 1440
70.2988 1440
70.3 1440
70.3012 1440
70.3024 1440
70.3036 1440
70.3048 1440
70.306 1440
70.3071 1440
70.3083 1440
70.3095 1440
70.5331 1440
70.5343 1440
70.5355 1440
70.5367 1440
70.5379 1440
70.5391 1440
70.5403 1440
70.5415 1440
70.5427 1440
70.5439 1440
70.545 1440
70.5462 1440
70.5474 1440
70.5486 1440
70.5498 1440
70.551 1440
70.5522 1440
70.7758 1440
70.777 1440
70.7782 1440
70.7794 1440
70.7806 1440
70.7818 1440
70.783 1440
70.7841 1440
70.7853 1440
70.7865 1440
70.7877 1440
70.7889 1440
70.7901 1440
70.7913 1440
70.7925 1440
70.7937 1440
70.7949 1440
70.9937 1440
70.9949 1440
71.0185 1440
71.0197 1440
71.0209 1440
71.022 1440
71.0232 1440
71.0244 1440
71.0256 1440
71.0268 1440
71.028 1440
71.0292 1440
71.0304 1440
71.0316 1440
71.0328 1440
71.034 1440
71.0352 1440
71.0364 1440
71.2352 1440
71.2364 1440
71.2599 1440
71.2611 1440
71.2623 1440
71.2635 1440
71.2647 1440
71.2659 1440
71.2671 1440
71.2683 1440
71.2695 1440
71.2707 1440
71.2719 1440
71.2731 1440
71.2743 1440
71.2755 1440
71.2767 1440
71.2779 1440
71.2791 1440
71.4767 1440
71.4779 1440
71.5014 1440
71.5026 1440
71.5038 1440
71.505 1440
71.5062 1440
71.5074 1440
71.5086 1440
71.5098 1440
71.511 1440
71.5122 1440
71.5134 1440
71.5146 1440
71.5158 1440
71.517 1440
71.5182 1440
71.5194 1440
71.5206 1440
71.5218 1440
71.5229 1440
71.7194 1440
71.7206 1440
71.7441 1440
71.7453 1440
71.7465 1440
71.7477 1440
71.7489 1440
71.7501 1440
71.7513 1440
71.7525 1440
71.7537 1440
71.7549 1440
71.7561 1440
71.7573 1440
71.7585 1440
71.7597 1440
71.7608 1440
71.762 1440
71.7632 1440
71.7644 1440
71.7656 1440
71.9608 1440
71.962 1440
71.9856 1440
71.9868 1440
71.988 1440
71.9892 1440
71.9904 1440
71.9916 1440
71.9928 1440
71.994 1440
71.9952 1440
71.9964 1440
71.9976 1440
71.9987 1440
71.9999 1440
72.0011 1440
72.0023 1440
72.0035 1440
72.0047 1440
72.0059 1440
72.0071 1440
72.0083 1440
72.0095 1440
72.2035 1440
72.2047 1440
72.2283 1440
72.2295 1440
72.2307 1440
72.2319 1440
72.2331 1440
72.2343 1440
72.2355 1440
72.2366 1440
72.2378 1440
72.239 1440
72.2402 1440
72.2414 1440
72.2426 1440
72.2438 1440
72.245 1440
72.2462 1440
72.2474 1440
72.2486 1440
72.2498 1440
72.251 1440
72.2522 1440
72.445 1440
72.4462 1440
72.4698 1440
72.471 1440
72.4722 1440
72.4734 1440
72.4745 1440
72.4757 1440
72.4769 1440
72.4781 1440
72.4793 1440
72.4805 1440
72.4817 1440
72.4829 1440
72.4841 1440
72.4853 1440
72.4865 1440
72.4877 1440
72.4889 1440
72.4901 1440
72.4925 1440
72.4937 1440
72.4949 1440
72.4961 1440
72.6877 1440
72.6889 1440
72.7124 1440
72.7136 1440
72.7148 1440
72.716 1440
72.7172 1440
72.7184 1440
72.7196 1440
72.7208 1440
72.7244 1440
72.7256 1440
72.7268 1440
72.728 1440
72.7292 1440
72.7304 1440
72.7316 1440
72.7328 1440
72.734 1440
72.7352 1440
72.7364 1440
72.7375 1440
72.7387 1440
72.9551 1440
72.9563 1440
72.9575 1440
72.9587 1440
72.9599 1440
72.9611 1440
72.9623 1440
72.9659 1440
72.9671 1440
72.9683 1440
72.9695 1440
72.9707 1440
72.9719 1440
72.9731 1440
72.9743 1440
72.9755 1440
72.9767 1440
72.9778 1440
72.979 1440
72.9802 1440
73.1978 1440
73.199 1440
73.2002 1440
73.2014 1440
73.2026 1440
73.2038 1440
73.2074 1440
73.2086 1440
73.2098 1440
73.211 1440
73.2122 1440
73.2134 1440
73.2146 1440
73.2157 1440
73.2169 1440
73.2181 1440
73.2193 1440
73.2205 1440
73.2217 1440
73.2229 1440
73.4405 1440
73.4417 1440
73.4429 1440
73.4441 1440
73.4453 1440
73.4465 1440
73.4501 1440
73.4513 1440
73.4525 1440
73.4536 1440
73.4548 1440
73.456 1440
73.4572 1440
73.4584 1440
73.4596 1440
73.4608 1440
73.462 1440
73.4632 1440
73.4644 1440
73.4656 1440
73.4668 1440
73.6832 1440
73.6844 1440
73.6856 1440
73.6868 1440
73.688 1440
73.6892 1440
73.6927 1440
73.6939 1440
73.6951 1440
73.6963 1440
73.6975 1440
73.6987 1440
73.6999 1440
73.7011 1440
73.7023 1440
73.7035 1440
73.7047 1440
73.7059 1440
73.7071 1440
73.7083 1440
73.9083 1440
73.9259 1440
73.9271 1440
73.9283 1440
73.9294 1440
73.9306 1440
73.9318 1440
73.9354 1440
73.9366 1440
73.9378 1440
73.939 1440
73.9402 1440
73.9414 1440
73.9426 1440
73.9438 1440
73.945 1440
73.9462 1440
73.9474 1440
73.9486 1440
73.9498 1440
73.951 1440
73.9522 1440
74.1673 1440
74.1685 1440
74.1697 1440
74.1709 1440
74.1721 1440
74.1733 1440
74.1769 1440
74.1781 1440
74.1793 1440
74.1805 1440
74.1817 1440
74.1829 1440
74.1841 1440
74.1853 1440
74.1877 1440
74.1889 1440
74.1901 1440
74.1913 1440
74.1924 1440
74.1936 1440
74.1948 1440
74.41 1440
74.4112 1440
74.4124 1440
74.4136 1440
74.4148 1440
74.416 1440
74.4196 1440
74.4208 1440
74.422 1440
74.4232 1440
74.4244 1440
74.4256 1440
74.4268 1440
74.428 1440
74.4292 1440
74.4304 1440
74.4316 1440
74.4363 1440
74.6515 1440
74.6527 1440
74.6539 1440
74.6551 1440
74.6563 1440
74.6575 1440
74.6611 1440
74.6623 1440
74.6635 1440
74.6647 1440
74.6659 1440
74.6671 1440
74.6683 1440
74.6695 1440
74.6707 1440
74.6718 1440
74.673 1440
74.8778 1440
74.8942 1440
74.8954 1440
74.8966 1440
74.8978 1440
74.899 1440
74.9002 1440
74.9038 1440
74.905 1440
74.9062 1440
74.9074 1440
74.9085 1440
74.9097 1440
74.9109 1440
74.9121 1440
74.9133 1440
74.9145 1440
75.1145 1440
75.1357 1440
75.1369 1440
75.1381 1440
75.1393 1440
75.1405 1440
75.1417 1440
75.1453 1440
75.1464 1440
75.1476 1440
75.1488 1440
75.15 1440
75.1512 1440
75.1524 1440
75.1536 1440
75.1548 1440
75.156 1440
75.1572 1440
75.356 1440
75.3772 1440
75.3784 1440
75.3796 1440
75.3808 1440
75.382 1440
75.3832 1440
75.3867 1440
75.3879 1440
75.3891 1440
75.3903 1440
75.3915 1440
75.3927 1440
75.3939 1440
75.3951 1440
75.3963 1440
75.3975 1440
75.3987 1440
75.3999 1440
75.6187 1440
75.6199 1440
75.6211 1440
75.6222 1440
75.6234 1440
75.6246 1440
75.6282 1440
75.6294 1440
75.6306 1440
75.6318 1440
75.633 1440
75.6342 1440
75.6354 1440
75.6366 1440
75.6378 1440
75.639 1440
75.6402 1440
75.6414 1440
75.6426 1440
75.8414 1440
75.8613 1440
75.8625 1440
75.8637 1440
75.8649 1440
75.8661 1440
75.8673 1440
75.8709 1440
75.8721 1440
75.8733 1440
75.8745 1440
75.8757 1440
75.8769 1440
75.8781 1440
75.8793 1440
75.8805 1440
75.8817 1440
75.8829 1440
75.8841 1440
76.0829 1440
76.0841 1440
76.104 1440
76.1052 1440
76.1064 1440
76.1076 1440
76.1088 1440
76.11 1440
76.1136 1440
76.1148 1440
76.116 1440
76.1172 1440
76.1184 1440
76.1196 1440
76.1208 1440
76.122 1440
76.1231 1440
76.1243 1440
76.1255 1440
76.1267 1440
76.1279 1440
76.3255 1440
76.3267 1440
76.3467 1440
76.3479 1440
76.3491 1440
76.3503 1440
76.3515 1440
76.3527 1440
76.3563 1440
76.3575 1440
76.3587 1440
76.3599 1440
76.361 1440
76.3622 1440
76.3634 1440
76.3646 1440
76.3658 1440
76.367 1440
76.3682 1440
76.3694 1440
76.567 1440
76.5682 1440
76.5882 1440
76.5894 1440
76.5906 1440
76.5918 1440
76.593 1440
76.5942 1440
76.5978 1440
76.599 1440
76.6001 1440
76.6013 1440
76.6025 1440
76.6037 1440
76.6049 1440
76.6061 1440
76.6073 1440
76.6085 1440
76.6097 1440
76.6109 1440
76.6121 1440
76.8085 1440
76.8097 1440
76.8297 1440
76.8309 1440
76.8321 1440
76.8333 1440
76.8345 1440
76.8357 1440
76.8392 1440
76.8404 1440
76.8416 1440
76.8428 1440
76.844 1440
76.8452 1440
76.8464 1440
76.8476 1440
76.8488 1440
76.85 1440
76.8512 1440
76.8524 1440
76.8536 1440
76.8548 1440
77.0512 1440
77.0524 1440
77.0724 1440
77.0736 1440
77.0748 1440
77.0759 1440
77.0771 1440
77.0783 1440
77.0819 1440
77.0831 1440
77.0843 1440
77.0855 1440
77.0867 1440
77.0879 1440
77.0891 1440
77.0903 1440
77.0915 1440
77.0927 1440
77.0939 1440
77.0951 1440
77.0963 1440
77.0975 1440
77.0987 1440
77.2939 1440
77.2951 1440
77.315 1440
77.3162 1440
77.3174 1440
77.3186 1440
77.3246 1440
77.3258 1440
77.327 1440
77.3282 1440
77.3294 1440
77.3306 1440
77.3318 1440
77.333 1440
77.3342 1440
77.3354 1440
77.3366 1440
77.3378 1440
77.3389 1440
77.3401 1440
77.3413 1440
77.3425 1440
77.5354 1440
77.5366 1440
77.5565 1440
77.5577 1440
77.5589 1440
77.5601 1440
77.5661 1440
77.5673 1440
77.5685 1440
77.5697 1440
77.5709 1440
77.5721 1440
77.5733 1440
77.5745 1440
77.5757 1440
77.5768 1440
77.578 1440
77.5792 1440
77.5804 1440
77.5816 1440
77.5828 1440
77.584 1440
77.7768 1440
77.778 1440
77.7792 1440
77.798 1440
77.7992 1440
77.8004 1440
77.8016 1440
77.8076 1440
77.8088 1440
77.81 1440
77.8112 1440
77.8124 1440
77.8136 1440
77.8147 1440
77.8159 1440
77.8171 1440
77.8183 1440
77.8195 1440
77.8207 1440
77.8219 1440
77.8243 1440
77.8255 1440
78.0183 1440
78.0195 1440
78.0207 1440
78.0219 1440
78.0407 1440
78.0419 1440
78.0431 1440
78.0443 1440
78.0503 1440
78.0515 1440
78.0526 1440
78.0538 1440
78.055 1440
78.0562 1440
78.0574 1440
78.0586 1440
78.0598 1440
78.061 1440
78.0622 1440
78.0634 1440
78.0658 1440
78.067 1440
78.0682 1440
78.2598 1440
78.2846 1440
78.2858 1440
78.287 1440
78.2918 1440
78.2929 1440
78.2941 1440
78.2953 1440
78.2965 1440
78.2977 1440
78.2989 1440
78.3001 1440
78.3013 1440
78.3025 1440
78.3037 1440
78.3049 1440
78.3073 1440
78.3085 1440
78.3097 1440
78.5013 1440
78.5273 1440
78.5285 1440
78.5332 1440
78.5344 1440
78.5356 1440
78.5368 1440
78.538 1440
78.5392 1440
78.5404 1440
78.5416 1440
78.5428 1440
78.544 1440
78.5452 1440
78.5464 1440
78.5488 1440
78.55 1440
78.5512 1440
78.5524 1440
78.7687 1440
78.7699 1440
78.7747 1440
78.7759 1440
78.7771 1440
78.7783 1440
78.7795 1440
78.7807 1440
78.7819 1440
78.7831 1440
78.7843 1440
78.7855 1440
78.7867 1440
78.7879 1440
78.7891 1440
78.7903 1440
78.7927 1440
78.7939 1440
78.9939 1440
79.0114 1440
79.0126 1440
79.0174 1440
79.0186 1440
79.0198 1440
79.021 1440
79.0222 1440
79.0234 1440
79.0246 1440
79.0258 1440
79.027 1440
79.0282 1440
79.0294 1440
79.0306 1440
79.0318 1440
79.0329 1440
79.0342 1440
79.0353 1440
79.2353 1440
79.2685 1440
79.2697 1440
79.2708 1440
79.272 1440
79.2732 1440
79.2744 1440
79.2756 1440
79.2768 1440
79.4768 1440
79.5111 1440
79.5123 1440
79.5135 1440
79.5147 1440
79.5159 1440
79.5171 1440
79.5183 1440
79.5195 1440
79.7526 1440
79.7538 1440
79.755 1440
79.7562 1440
79.7574 1440
79.7586 1440
79.7598 1440
79.761 1440
79.961 1440
79.9953 1440
79.9965 1440
79.9977 1440
79.9989 1440
80.0001 1440
80.0013 1440
80.0025 1440
80.0037 1440
80.0049 1440
80.2368 1440
80.238 1440
80.2404 1440
80.2416 1440
80.2428 1440
80.244 1440
80.2452 1440
80.2464 1440
80.2476 1440
80.4795 1440
80.4807 1440
80.4819 1440
80.4831 1440
80.4843 1440
80.7222 1440
80.7234 1440
80.7246 1440
80.7258 1440
80.9649 1440
80.966 1440
80.9672 1440
80.9684 1440
81.2075 1440
81.2087 1440
81.2099 1440
81.2111 1440
81.4502 1440
81.4526 1440
81.4538 1440
81.455 1440
81.6941 1440
81.6953 1440
81.6965 1440
81.6977 1440
81.938 1440
81.9392 1440
83.1807 1440
83.6221 1440
83.6233 1440
83.8648 1440
83.866 1440
84.1075 1440
84.1087 1440
84.3502 1440
84.3514 1440
84.3526 1440
84.5929 1440
84.5941 1440
84.7941 1440
84.8356 1440
84.8367 1440
84.8379 1440
85.077 1440
85.0782 1440
85.0794 1440
85.0806 1440
85.3197 1440
85.3209 1440
85.3221 1440
85.3233 1440
85.3245 1440
85.5624 1440
85.5636 1440
85.5648 1440
85.566 1440
85.766 1440
85.8051 1440
85.8063 1440
85.8075 1440
85.8087 1440
85.8099 1440
86.0466 1440
86.0478 1440
86.049 1440
86.0502 1440
86.0513 1440
86.0525 1440
86.2892 1440
86.2904 1440
86.2916 1440
86.2928 1440
86.294 1440
86.2952 1440
86.5319 1440
86.5331 1440
86.5343 1440
86.5355 1440
86.5367 1440
86.5379 1440
86.7734 1440
86.7746 1440
86.7758 1440
87.0161 1440
87.0173 1440
87.2588 1440
87.26 1440
87.5015 1440
87.5027 1440
87.5039 1440
87.7442 1440
87.7454 1440
87.9454 1440
87.9868 1440
87.988 1440
87.9892 1440
88.2283 1440
88.2295 1440
88.2307 1440
88.2319 1440
88.471 1440
88.4722 1440
88.4734 1440
88.4746 1440
88.4758 1440
88.7137 1440
88.7149 1440
88.7161 1440
88.7173 1440
88.9173 1440
88.9564 1440
88.9576 1440
88.9588 1440
88.96 1440
89.1979 1440
89.199 1440
89.2002 1440
89.2014 1440
89.2026 1440
89.4405 1440
89.4417 1440
89.4429 1440
89.4441 1440
89.4453 1440
89.6441 1440
89.6832 1440
89.6844 1440
89.6856 1440
89.6868 1440
89.688 1440
89.8856 1440
89.8868 1440
89.9259 1440
89.9271 1440
89.9283 1440
89.9295 1440
