0.120056 0
0.360163 0
0.36155 1440
0.603036 1440
0.604231 1440
0.845717 1440
0.846912 1440
0.848108 1440
1.0884 1440
1.08959 1440
1.09079 1440
1.28959 1440
1.29079 1440
1.33108 1440
1.33228 1440
1.33347 1440
1.53108 1440
1.53228 1440
1.53347 1440
1.57257 1440
1.57376 1440
1.57496 1440
1.57615 1440
1.57735 1440
1.57854 1440
1.77376 1440
1.77496 1440
1.77615 1440
1.81405 1440
1.81525 1440
1.81644 1440
1.81764 1440
1.81883 1440
1.82003 1440
1.82122 1440
1.82242 1440
1.82361 1440
2.01525 1440
2.01644 1440
2.01764 1440
2.01883 1440
2.02003 1440
2.02122 1440
2.05673 1440
2.05793 1440
2.05912 1440
2.06032 1440
2.06151 1440
2.06271 1440
2.0639 1440
2.0651 1440
2.06629 1440
2.06749 1440
2.06869 1440
2.06988 1440
2.25673 1440
2.25793 1440
2.25912 1440
2.26032 1440
2.26151 1440
2.26271 1440
2.2639 1440
2.2651 1440
2.26629 1440
2.29822 1440
2.29941 1440
2.30061 1440
2.3018 1440
2.3042 1440
2.30539 1440
2.30659 1440
2.30778 1440
2.30898 1440
2.31017 1440
2.31137 1440
2.31256 1440
2.31495 1440
2.31615 1440
2.31734 1440
2.31854 1440
2.49822 1440
2.49941 1440
2.50061 1440
2.5018 1440
2.503 1440
2.5042 1440
2.50539 1440
2.50659 1440
2.50778 1440
2.50898 1440
2.51017 1440
2.51137 1440
2.51256 1440
2.51376 1440
2.51495 1440
2.5409 1440
2.5421 1440
2.54329 1440
2.54449 1440
2.54568 1440
2.54688 1440
2.54807 1440
2.54927 1440
2.55046 1440
2.74928 1440
2.75048 1440
2.75167 1440
2.75287 1440
2.75406 1440
2.75526 1440
2.75645 1440
2.7824 1440
2.7836 1440
2.78479 1440
2.78599 1440
2.78718 1440
2.78838 1440
2.78957 1440
2.79077 1440
2.79316 1440
2.99077 1440
2.99316 1440
2.99435 1440
2.99555 1440
2.99674 1440
2.99794 1440
2.99913 1440
3.02508 1440
3.02628 1440
3.02747 1440
3.02867 1440
3.02986 1440
3.03106 1440
3.03225 1440
3.03345 1440
3.23225 1440
3.23345 1440
3.23584 1440
3.23704 1440
3.23823 1440
3.23943 1440
3.24062 1440
3.24182 1440
3.24301 1440
3.26776 1440
3.26896 1440
3.27015 1440
3.27135 1440
3.27255 1440
3.27374 1440
3.27494 1440
3.27613 1440
3.47494 1440
3.47613 1440
3.47852 1440
3.47972 1440
3.48091 1440
3.48211 1440
3.4833 1440
3.4845 1440
3.50925 1440
3.51045 1440
3.51164 1440
3.51284 1440
3.51403 1440
3.51523 1440
3.51642 1440
3.51762 1440
3.71762 1440
3.72001 1440
3.7212 1440
3.7224 1440
3.72359 1440
3.72479 1440
3.72598 1440
3.72718 1440
3.75074 1440
3.75193 1440
3.75313 1440
3.75432 1440
3.75552 1440
3.75671 1440
3.75791 1440
3.7591 1440
3.9591 1440
3.9603 1440
3.9615 1440
3.9627 1440
3.99701 1440
3.99821 1440
3.9994 1440
4.0006 1440
4.2006 1440
4.20179 1440
4.20299 1440
4.20419 1440
4.23969 1440
4.24089 1440
4.24208 1440
4.24328 1440
4.44328 1440
4.44447 1440
4.44568 1440
4.44687 1440
4.48237 1440
4.48357 1440
4.48476 1440
4.48596 1440
4.68596 1440
4.68715 1440
4.68836 1440
4.68955 1440
4.72506 1440
4.72625 1440
4.72745 1440
4.72864 1440
4.72984 1440
4.92864 1440
4.92984 1440
4.93104 1440
4.93223 1440
4.96774 1440
4.96893 1440
4.97013 1440
4.97132 1440
5.17013 1440
5.17132 1440
5.17252 1440
5.17372 1440
5.20922 1440
5.21042 1440
5.21161 1440
5.21281 1440
5.214 1440
5.41161 1440
5.41281 1440
5.41401 1440
5.41521 1440
5.45071 1440
5.4519 1440
5.4531 1440
5.45429 1440
5.45549 1440
5.45668 1440
5.65429 1440
5.65549 1440
5.65669 1440
5.65789 1440
5.69339 1440
5.69459 1440
5.69578 1440
5.69698 1440
5.69817 1440
5.69937 1440
5.89698 1440
5.89817 1440
5.89937 1440
5.90056 1440
5.90176 1440
5.93607 1440
5.93727 1440
5.93846 1440
5.93966 1440
5.94085 1440
5.94205 1440
6.13966 1440
6.14205 1440
6.14324 1440
6.17756 1440
6.17875 1440
6.17995 1440
6.18114 1440
6.18234 1440
6.18353 1440
6.38114 1440
6.38234 1440
6.38354 1440
6.38474 1440
6.41905 1440
6.62383 1440
6.62503 1440
6.62623 1440
6.66054 1440
6.86652 1440
6.86772 1440
6.90202 1440
6.90322 1440
7.1092 1440
7.1104 1440
7.11159 1440
7.1447 1440
7.1459 1440
7.35188 1440
7.35308 1440
7.38619 1440
7.38739 1440
7.58739 1440
7.59456 1440
7.59576 1440
7.59695 1440
7.62887 1440
7.63007 1440
7.83605 1440
7.83725 1440
7.83844 1440
7.83964 1440
7.87155 1440
7.87275 1440
8.07873 1440
8.07993 1440
8.08112 1440
8.08232 1440
8.11423 1440
8.11543 1440
8.11662 1440
8.32141 1440
8.32261 1440
8.3238 1440
8.325 1440
8.35692 1440
8.35811 1440
8.55811 1440
8.56409 1440
8.56529 1440
8.56648 1440
8.56768 1440
8.5996 1440
8.60079 1440
8.60199 1440
8.80558 1440
8.80678 1440
8.80797 1440
8.80917 1440
8.84108 1440
8.84228 1440
8.84347 1440
8.84467 1440
9.04826 1440
9.04946 1440
9.05185 1440
9.08376 1440
9.08496 1440
9.08615 1440
9.08735 1440
9.29094 1440
9.29214 1440
9.29333 1440
9.29453 1440
9.32526 1440
9.32645 1440
9.53602 1440
9.56675 1440
9.56795 1440
9.80824 1440
9.80943 1440
10.0094 1440
10.0106 1440
10.0509 1440
10.0521 1440
10.2521 1440
10.2533 1440
10.2936 1440
10.2948 1440
10.4948 1440
10.496 1440
10.5363 1440
10.5375 1440
10.5387 1440
10.7375 1440
10.7387 1440
10.779 1440
10.7802 1440
10.979 1440
10.9802 1440
11.0204 1440
11.0216 1440
11.2204 1440
11.2216 1440
11.2228 1440
11.2619 1440
11.2631 1440
11.4619 1440
11.4631 1440
11.4643 1440
11.4655 1440
11.5046 1440
11.5058 1440
11.7046 1440
11.7058 1440
11.707 1440
11.7082 1440
11.7473 1440
11.7485 1440
11.7497 1440
11.9473 1440
11.9485 1440
11.9497 1440
11.9509 1440
11.99 1440
11.9912 1440
12.1888 1440
12.19 1440
12.1912 1440
12.1924 1440
12.2315 1440
12.2327 1440
12.4303 1440
12.4315 1440
12.4327 1440
12.4339 1440
12.4351 1440
12.473 1440
12.4741 1440
12.6718 1440
12.673 1440
12.6741 1440
12.6753 1440
12.6765 1440
12.6777 1440
12.7156 1440
12.7168 1440
12.9168 1440
12.918 1440
12.9192 1440
12.9204 1440
12.9216 1440
12.9228 1440
12.924 1440
12.9583 1440
12.9595 1440
13.1595 1440
13.1607 1440
13.1619 1440
13.1631 1440
13.1643 1440
13.1655 1440
13.1998 1440
13.201 1440
13.401 1440
13.4022 1440
13.4034 1440
13.4046 1440
13.4058 1440
13.407 1440
13.4082 1440
13.4425 1440
13.4437 1440
13.4449 1440
13.6437 1440
13.6449 1440
13.6461 1440
13.6473 1440
13.6485 1440
13.6497 1440
13.684 1440
13.6852 1440
13.6864 1440
13.6876 1440
13.8864 1440
13.8876 1440
13.8887 1440
13.8899 1440
13.8911 1440
13.8923 1440
13.9266 1440
13.9278 1440
13.929 1440
13.9302 1440
13.9314 1440
14.129 1440
14.1302 1440
14.1314 1440
14.1326 1440
14.1338 1440
14.135 1440
14.1693 1440
14.1705 1440
14.1717 1440
14.1729 1440
14.3705 1440
14.3717 1440
14.3729 1440
14.3741 1440
14.3753 1440
14.3765 1440
14.4108 1440
14.412 1440
14.4132 1440
14.4144 1440
14.612 1440
14.6132 1440
14.6144 1440
14.6156 1440
14.6168 1440
14.618 1440
14.6192 1440
14.6523 1440
14.6535 1440
14.6547 1440
14.6559 1440
14.8535 1440
14.8547 1440
14.8559 1440
14.8571 1440
14.8583 1440
14.8595 1440
14.8607 1440
14.8619 1440
14.895 1440
14.8962 1440
14.8974 1440
14.8986 1440
15.0962 1440
15.0974 1440
15.0986 1440
15.0998 1440
15.101 1440
15.1022 1440
15.1033 1440
15.1045 1440
15.1057 1440
15.1377 1440
15.1389 1440
15.1401 1440
15.1412 1440
15.3389 1440
15.3401 1440
15.3412 1440
15.3424 1440
15.3436 1440
15.3448 1440
15.346 1440
15.3472 1440
15.3792 1440
15.3803 1440
15.3815 1440
15.3827 1440
15.5803 1440
15.5815 1440
15.5827 1440
15.5839 1440
15.5851 1440
15.5863 1440
15.5875 1440
15.5887 1440
15.6206 1440
15.6218 1440
15.623 1440
15.6242 1440
15.6254 1440
15.8218 1440
15.823 1440
15.8242 1440
15.8254 1440
15.8266 1440
15.8278 1440
15.829 1440
15.8302 1440
15.8621 1440
15.8633 1440
15.8645 1440
15.8657 1440
15.8669 1440
15.8681 1440
16.0645 1440
16.0657 1440
16.0669 1440
16.0681 1440
16.0693 1440
16.0705 1440
16.0717 1440
16.0729 1440
16.1048 1440
16.106 1440
16.1072 1440
16.1084 1440
16.1096 1440
16.1108 1440
16.112 1440
16.3072 1440
16.3084 1440
16.3096 1440
16.3108 1440
16.312 1440
16.3132 1440
16.3144 1440
16.3156 1440
16.3475 1440
16.3487 1440
16.3499 1440
16.3511 1440
16.3523 1440
16.3535 1440
16.5487 1440
16.5499 1440
16.5511 1440
16.5523 1440
16.5535 1440
16.5547 1440
16.5559 1440
16.557 1440
16.589 1440
16.5902 1440
16.5914 1440
16.5926 1440
16.5938 1440
16.5949 1440
16.7902 1440
16.7914 1440
16.7926 1440
16.7938 1440
16.7949 1440
16.7961 1440
16.7973 1440
16.7985 1440
16.7997 1440
16.8305 1440
16.8317 1440
16.8328 1440
16.834 1440
16.8352 1440
16.8364 1440
17.0317 1440
17.0328 1440
17.034 1440
17.0352 1440
17.0364 1440
17.0376 1440
17.0388 1440
17.04 1440
17.0412 1440
17.0424 1440
17.0731 1440
17.0743 1440
17.0755 1440
17.0767 1440
17.0779 1440
17.0791 1440
17.2743 1440
17.2755 1440
17.2767 1440
17.2779 1440
17.2791 1440
17.2803 1440
17.2815 1440
17.2827 1440
17.2839 1440
17.2851 1440
17.2863 1440
17.3158 1440
17.317 1440
17.3182 1440
17.3194 1440
17.3206 1440
17.3218 1440
17.517 1440
17.5182 1440
17.5194 1440
17.5206 1440
17.5218 1440
17.523 1440
17.5254 1440
17.5266 1440
17.5278 1440
17.5573 1440
17.5585 1440
17.5597 1440
17.5609 1440
17.5621 1440
17.5633 1440
17.7585 1440
17.7597 1440
17.7609 1440
17.7621 1440
17.7633 1440
17.7645 1440
17.7669 1440
17.7681 1440
17.7693 1440
17.7705 1440
17.7717 1440
18.0036 1440
18.0048 1440
18.006 1440
18.0084 1440
18.0096 1440
18.0108 1440
18.012 1440
18.0131 1440
18.2463 1440
18.2475 1440
18.2499 1440
18.2511 1440
18.2522 1440
18.2534 1440
18.2546 1440
18.2558 1440
18.4889 1440
18.4901 1440
18.4925 1440
18.4937 1440
18.4949 1440
18.4961 1440
18.4973 1440
18.4985 1440
18.7316 1440
18.7328 1440
18.734 1440
18.7352 1440
18.7364 1440
18.7376 1440
18.7388 1440
18.74 1440
18.7412 1440
18.9743 1440
18.9755 1440
18.9767 1440
18.9779 1440
18.9803 1440
18.9815 1440
18.9827 1440
19.1827 1440
19.217 1440
19.2182 1440
19.2194 1440
19.2206 1440
19.2218 1440
19.223 1440
19.2242 1440
19.2254 1440
19.4633 1440
19.4645 1440
19.4657 1440
19.4668 1440
19.7059 1440
19.7071 1440
19.7083 1440
19.7095 1440
19.9486 1440
19.9498 1440
19.951 1440
19.9522 1440
20.1913 1440
20.1925 1440
20.1937 1440
20.1949 1440
20.1961 1440
20.434 1440
20.4352 1440
20.4364 1440
20.4376 1440
20.6376 1440
20.6767 1440
20.6779 1440
20.6791 1440
20.6803 1440
20.6814 1440
20.9182 1440
20.9193 1440
20.9205 1440
20.9217 1440
20.9229 1440
20.9241 1440
21.1608 1440
21.162 1440
21.1632 1440
21.1644 1440
21.1656 1440
21.1668 1440
21.168 1440
21.4035 1440
21.4047 1440
21.4059 1440
21.4071 1440
21.4083 1440
21.4095 1440
21.6095 1440
21.6462 1440
21.6474 1440
21.6486 1440
21.6498 1440
21.651 1440
21.6522 1440
21.6534 1440
21.8877 1440
21.8889 1440
21.8901 1440
21.8913 1440
21.8949 1440
21.8961 1440
21.8972 1440
21.8984 1440
22.1304 1440
22.1316 1440
22.1328 1440
22.134 1440
22.1375 1440
22.1387 1440
22.1399 1440
22.1411 1440
22.373 1440
22.3742 1440
22.3754 1440
22.3766 1440
22.3778 1440
22.3802 1440
22.3814 1440
22.3826 1440
22.3838 1440
22.6157 1440
22.6169 1440
22.6181 1440
22.6193 1440
22.6217 1440
22.6229 1440
22.6241 1440
22.6253 1440
22.8253 1440
22.8584 1440
22.8596 1440
22.8608 1440
22.862 1440
22.8632 1440
22.8644 1440
22.8656 1440
22.8668 1440
22.868 1440
23.0999 1440
23.1011 1440
23.1023 1440
23.1035 1440
23.1047 1440
23.1059 1440
23.1071 1440
23.1083 1440
23.1095 1440
23.1107 1440
23.3426 1440
23.3438 1440
23.345 1440
23.3462 1440
23.3474 1440
23.3486 1440
23.3497 1440
23.3509 1440
23.3521 1440
23.3533 1440
23.3545 1440
23.5853 1440
23.5865 1440
23.5876 1440
23.5888 1440
23.5936 1440
23.5948 1440
23.596 1440
23.5972 1440
23.5984 1440
23.796 1440
23.8279 1440
23.8291 1440
23.8303 1440
23.8315 1440
23.8351 1440
23.8363 1440
23.8375 1440
24.073 1440
24.0766 1440
24.0778 1440
24.079 1440
24.3181 1440
24.3193 1440
24.3205 1440
24.3217 1440
24.5608 1440
24.562 1440
24.5632 1440
24.5644 1440
24.5656 1440
24.8035 1440
24.8059 1440
24.807 1440
25.007 1440
25.0473 1440
25.0485 1440
25.0497 1440
25.0509 1440
25.2485 1440
25.2924 1440
25.49 1440
25.7315 1440
25.7327 1440
25.9742 1440
25.9754 1440
27.2157 1440
27.6572 1440
27.6584 1440
27.8998 1440
27.901 1440
28.1425 1440
28.1437 1440
28.3864 1440
28.3876 1440
28.6279 1440
28.6291 1440
28.8694 1440
28.8706 1440
29.1109 1440
29.3121 1440
29.5524 1440
29.7536 1440
29.7548 1440
29.9938 1440
29.9962 1440
30.2377 1440
30.2389 1440
30.2401 1440
30.4792 1440
30.4804 1440
30.4816 1440
30.7219 1440
30.7231 1440
30.9646 1440
30.9658 1440
31.2073 1440
31.2085 1440
31.45 1440
31.4523 1440
31.6938 1440
31.695 1440
31.9353 1440
31.9365 1440
32.1768 1440
32.178 1440
32.4195 1440
32.4207 1440
32.6622 1440
32.6634 1440
32.9049 1440
32.9061 1440
32.9073 1440
33.1475 1440
33.1487 1440
33.3487 1440
33.3902 1440
33.3914 1440
33.3926 1440
33.6317 1440
33.6329 1440
33.6341 1440
33.6353 1440
33.8744 1440
33.8756 1440
33.8768 1440
33.878 1440
34.1171 1440
34.1183 1440
34.1195 1440
34.1207 1440
34.1219 1440
34.3598 1440
34.361 1440
34.3622 1440
34.3633 1440
34.5633 1440
34.6024 1440
34.6036 1440
34.6048 1440
34.606 1440
34.6072 1440
34.8439 1440
34.8451 1440
34.8463 1440
34.8475 1440
34.8487 1440
34.8499 1440
35.0866 1440
35.0878 1440
35.089 1440
35.0902 1440
35.0914 1440
35.0926 1440
35.0938 1440
35.3293 1440
35.3305 1440
35.3317 1440
35.3329 1440
35.3341 1440
35.3353 1440
35.5353 1440
35.572 1440
35.5732 1440
35.5744 1440
35.5756 1440
35.5768 1440
35.5779 1440
35.5791 1440
35.8135 1440
35.8147 1440
35.8158 1440
35.817 1440
35.8182 1440
35.8194 1440
35.8206 1440
35.8218 1440
36.0561 1440
36.0573 1440
36.0585 1440
36.0597 1440
36.0609 1440
36.0621 1440
36.0633 1440
36.0645 1440
36.0657 1440
36.2988 1440
36.3 1440
36.3012 1440
36.3024 1440
36.3036 1440
36.3048 1440
36.3072 1440
36.5072 1440
36.5415 1440
36.5427 1440
36.5439 1440
36.5451 1440
36.5463 1440
36.5475 1440
36.5487 1440
36.7487 1440
36.783 1440
36.7902 1440
36.9902 1440
37.0245 1440
37.2317 1440
37.266 1440
37.2672 1440
37.2684 1440
37.5075 1440
37.5086 1440
37.5098 1440
37.511 1440
37.7501 1440
37.7513 1440
37.7525 1440
37.7537 1440
37.9928 1440
37.994 1440
37.9952 1440
37.9964 1440
37.9976 1440
38.2355 1440
38.2367 1440
38.4391 1440
38.4403 1440
38.4415 1440
38.4782 1440
38.4794 1440
38.6818 1440
38.683 1440
38.6842 1440
38.7197 1440
38.7209 1440
38.9209 1440
38.9244 1440
38.9256 1440
38.9612 1440
38.9623 1440
39.1623 1440
39.1659 1440
39.1671 1440
39.4038 1440
39.405 1440
39.4062 1440
39.4074 1440
39.4086 1440
39.4098 1440
39.6086 1440
39.6465 1440
39.6477 1440
39.6489 1440
39.6501 1440
39.6513 1440
39.6525 1440
39.888 1440
39.8892 1440
39.8904 1440
39.8916 1440
39.8928 1440
39.894 1440
39.8952 1440
40.094 1440
40.1307 1440
40.1319 1440
40.1331 1440
40.1355 1440
40.1367 1440
40.3355 1440
40.3367 1440
40.3734 1440
40.3746 1440
40.377 1440
40.3782 1440
40.3793 1440
40.3805 1440
40.577 1440
40.6208 1440
40.622 1440
40.8184 1440
40.8635 1440
40.8647 1440
41.105 1440
41.1062 1440
41.1074 1440
41.3062 1440
41.3477 1440
41.3489 1440
41.5477 1440
41.5489 1440
41.5904 1440
41.5916 1440
41.7904 1440
41.7916 1440
41.7928 1440
41.8331 1440
41.8342 1440
42.0331 1440
42.0342 1440
42.0745 1440
42.0757 1440
42.2745 1440
42.2757 1440
42.316 1440
42.3172 1440
42.3184 1440
42.516 1440
42.5172 1440
42.5575 1440
42.5587 1440
42.5599 1440
42.5611 1440
42.7587 1440
42.7599 1440
42.8002 1440
42.8014 1440
42.8026 1440
42.8038 1440
43.0014 1440
43.0026 1440
43.0038 1440
43.0429 1440
43.0441 1440
43.0453 1440
43.0465 1440
43.2441 1440
43.2453 1440
43.2844 1440
43.2856 1440
43.2867 1440
43.2879 1440
43.4856 1440
43.4867 1440
43.5258 1440
43.527 1440
43.5282 1440
43.5294 1440
43.5306 1440
43.7673 1440
43.7685 1440
43.7697 1440
43.7709 1440
43.7721 1440
43.7733 1440
43.7745 1440
43.7757 1440
44.01 1440
44.0112 1440
44.0124 1440
44.0136 1440
44.0148 1440
44.016 1440
44.0172 1440
44.0184 1440
44.0196 1440
44.2527 1440
44.2539 1440
44.2551 1440
44.2563 1440
44.2575 1440
44.2587 1440
44.2599 1440
44.2611 1440
44.4611 1440
44.4954 1440
44.4966 1440
44.4978 1440
44.499 1440
44.5002 1440
44.5013 1440
44.5025 1440
44.5037 1440
44.7369 1440
44.7381 1440
44.7393 1440
44.7404 1440
44.7416 1440
44.7428 1440
44.744 1440
44.7452 1440
44.7464 1440
44.9452 1440
44.9795 1440
44.9807 1440
44.9819 1440
44.9831 1440
44.9843 1440
44.9855 1440
44.9867 1440
44.9879 1440
45.1867 1440
45.1879 1440
45.2222 1440
45.2234 1440
45.2246 1440
45.2258 1440
45.227 1440
45.2282 1440
45.2294 1440
45.2306 1440
45.2318 1440
45.4294 1440
45.4306 1440
45.4649 1440
45.4661 1440
45.4673 1440
45.4685 1440
45.4697 1440
45.4709 1440
45.4721 1440
45.4733 1440
45.6709 1440
45.6721 1440
45.7064 1440
45.7076 1440
45.7088 1440
45.71 1440
45.7112 1440
45.7124 1440
45.7136 1440
45.7148 1440
45.716 1440
45.9124 1440
45.9136 1440
45.9479 1440
45.9491 1440
45.9503 1440
45.9515 1440
45.9527 1440
45.9539 1440
45.955 1440
45.9562 1440
45.9574 1440
45.9586 1440
46.155 1440
46.1562 1440
46.1906 1440
46.1918 1440
46.1929 1440
46.1941 1440
46.1953 1440
46.1965 1440
46.1977 1440
46.1989 1440
46.2001 1440
46.2013 1440
46.2025 1440
46.3977 1440
46.3989 1440
46.4332 1440
46.4344 1440
46.4356 1440
46.4368 1440
46.438 1440
46.4392 1440
46.4404 1440
46.4416 1440
46.4428 1440
46.444 1440
46.6392 1440
46.6404 1440
46.6747 1440
46.6759 1440
46.6771 1440
46.6783 1440
46.6795 1440
46.6807 1440
46.6819 1440
46.6831 1440
46.6843 1440
46.6855 1440
46.8807 1440
46.8819 1440
46.8831 1440
46.9162 1440
46.9174 1440
46.9186 1440
46.9198 1440
46.921 1440
46.9222 1440
46.9234 1440
46.9246 1440
46.9258 1440
46.927 1440
47.1222 1440
47.1234 1440
47.1246 1440
47.1258 1440
47.1589 1440
47.1601 1440
47.1613 1440
47.1625 1440
47.1637 1440
47.1649 1440
47.1661 1440
47.1673 1440
47.1685 1440
47.1696 1440
47.3649 1440
47.3661 1440
47.3673 1440
47.3685 1440
47.4016 1440
47.4028 1440
47.404 1440
47.4052 1440
47.4064 1440
47.4075 1440
47.4087 1440
47.4099 1440
47.4111 1440
47.4123 1440
47.4135 1440
47.6075 1440
47.6087 1440
47.6099 1440
47.6111 1440
47.6443 1440
47.6454 1440
47.6466 1440
47.6478 1440
47.649 1440
47.6502 1440
47.6514 1440
47.6526 1440
47.6538 1440
47.655 1440
47.849 1440
47.8502 1440
47.8514 1440
47.8526 1440
47.8857 1440
47.8869 1440
47.8881 1440
47.8893 1440
47.8905 1440
47.8917 1440
47.8929 1440
47.8941 1440
47.8953 1440
47.8965 1440
47.8977 1440
48.0905 1440
48.0917 1440
48.0929 1440
48.0941 1440
48.1272 1440
48.1284 1440
48.1296 1440
48.1308 1440
48.132 1440
48.1332 1440
48.1344 1440
48.1356 1440
48.1368 1440
48.138 1440
48.1392 1440
48.1404 1440
48.3332 1440
48.3344 1440
48.3356 1440
48.3368 1440
48.3699 1440
48.3711 1440
48.3723 1440
48.3735 1440
48.3747 1440
48.3759 1440
48.3771 1440
48.3783 1440
48.3795 1440
48.3807 1440
48.3819 1440
48.3831 1440
48.3842 1440
48.5759 1440
48.5771 1440
48.5783 1440
48.5795 1440
48.6126 1440
48.6138 1440
48.615 1440
48.6162 1440
48.6174 1440
48.6186 1440
48.6198 1440
48.621 1440
48.6222 1440
48.6233 1440
48.6257 1440
48.8174 1440
48.8186 1440
48.8198 1440
48.821 1440
48.8541 1440
48.8553 1440
48.8589 1440
48.8601 1440
48.8612 1440
48.8624 1440
48.8636 1440
48.8648 1440
48.866 1440
48.8672 1440
48.8684 1440
48.8696 1440
48.8708 1440
49.0589 1440
49.0601 1440
49.1063 1440
49.1075 1440
49.1087 1440
49.1099 1440
49.1111 1440
49.1123 1440
49.3004 1440
49.3016 1440
49.349 1440
49.3502 1440
49.3514 1440
49.3526 1440
49.3538 1440
49.355 1440
49.543 1440
49.5442 1440
49.5917 1440
49.5929 1440
49.5941 1440
49.5953 1440
49.5965 1440
49.5977 1440
49.7857 1440
49.7869 1440
49.8344 1440
49.8356 1440
49.8368 1440
49.838 1440
49.8392 1440
49.8403 1440
49.8415 1440
50.0284 1440
50.0296 1440
50.0771 1440
50.0782 1440
50.0794 1440
50.0806 1440
50.0818 1440
50.083 1440
50.2699 1440
50.2711 1440
50.3185 1440
50.3197 1440
50.3209 1440
50.3221 1440
50.3233 1440
50.3245 1440
50.3257 1440
50.5114 1440
50.5126 1440
50.56 1440
50.5612 1440
50.5624 1440
50.5636 1440
50.5648 1440
50.566 1440
50.5672 1440
50.5684 1440
50.7541 1440
50.7552 1440
50.8027 1440
50.8039 1440
50.8051 1440
50.8063 1440
50.8075 1440
50.8087 1440
50.8099 1440
50.8111 1440
50.8123 1440
50.9967 1440
50.9979 1440
51.0454 1440
51.0466 1440
51.0478 1440
51.049 1440
51.0502 1440
51.0514 1440
51.0526 1440
51.0538 1440
51.2382 1440
51.2394 1440
51.2869 1440
51.2881 1440
51.2893 1440
51.2905 1440
51.2917 1440
51.2928 1440
51.294 1440
51.2952 1440
51.4797 1440
51.4809 1440
51.4821 1440
51.5284 1440
51.5296 1440
51.5307 1440
51.5319 1440
51.5331 1440
51.5343 1440
51.5355 1440
51.5367 1440
51.7212 1440
51.7224 1440
51.7236 1440
51.7248 1440
51.771 1440
51.7722 1440
51.7734 1440
51.7746 1440
51.7758 1440
51.777 1440
51.7782 1440
51.7794 1440
51.9639 1440
51.9651 1440
51.9663 1440
51.9675 1440
52.0137 1440
52.0149 1440
52.0161 1440
52.0173 1440
52.0185 1440
52.0197 1440
52.0209 1440
52.0221 1440
52.0233 1440
52.2066 1440
52.2078 1440
52.2089 1440
52.2101 1440
52.2564 1440
52.2576 1440
52.2588 1440
52.26 1440
52.2612 1440
52.2636 1440
52.2648 1440
52.448 1440
52.4492 1440
52.4504 1440
52.4516 1440
52.4979 1440
52.4991 1440
52.5003 1440
52.5015 1440
52.5027 1440
52.5039 1440
52.5051 1440
52.5063 1440
52.5074 1440
52.6895 1440
52.7442 1440
52.7454 1440
52.7466 1440
52.7477 1440
52.7489 1440
52.931 1440
52.9868 1440
52.988 1440
52.9892 1440
52.9904 1440
53.1725 1440
53.1737 1440
53.2295 1440
53.2307 1440
53.2319 1440
53.2331 1440
53.4152 1440
53.4164 1440
53.4722 1440
53.4734 1440
53.4746 1440
53.4758 1440
53.477 1440
53.6579 1440
53.6591 1440
53.7149 1440
53.7161 1440
53.7173 1440
53.7185 1440
53.8994 1440
53.9006 1440
53.9564 1440
53.9576 1440
53.9588 1440
53.96 1440
53.9612 1440
54.1408 1440
54.142 1440
54.1979 1440
54.1991 1440
54.2002 1440
54.2014 1440
54.2026 1440
54.2038 1440
54.3835 1440
54.3847 1440
54.4405 1440
54.4417 1440
54.4429 1440
54.4441 1440
54.4453 1440
54.4465 1440
54.6262 1440
54.6274 1440
54.6286 1440
54.6832 1440
54.6844 1440
54.6856 1440
54.6868 1440
54.688 1440
54.6892 1440
54.8689 1440
54.8701 1440
54.9247 1440
54.9259 1440
54.9271 1440
54.9283 1440
54.9295 1440
54.9307 1440
55.1104 1440
55.1116 1440
55.1662 1440
55.1674 1440
55.1686 1440
55.1698 1440
55.171 1440
55.1722 1440
55.1734 1440
55.3519 1440
55.3531 1440
55.4077 1440
55.4089 1440
55.4101 1440
55.4113 1440
55.4125 1440
55.4137 1440
55.4149 1440
55.416 1440
55.5945 1440
55.5957 1440
55.6504 1440
55.6516 1440
55.6528 1440
55.6539 1440
55.6551 1440
55.6563 1440
55.6575 1440
55.6587 1440
55.6599 1440
55.893 1440
55.8942 1440
55.8954 1440
55.8966 1440
55.8978 1440
55.899 1440
55.9002 1440
55.9014 1440
55.9026 1440
55.9038 1440
56.1014 1440
56.1357 1440
56.1369 1440
56.1381 1440
56.1393 1440
56.1405 1440
56.1417 1440
56.1429 1440
56.1441 1440
56.1453 1440
56.1465 1440
56.1477 1440
56.3772 1440
56.3784 1440
56.3796 1440
56.3808 1440
56.382 1440
56.3832 1440
56.3844 1440
56.3856 1440
56.3892 1440
56.3904 1440
56.3916 1440
56.3927 1440
56.6199 1440
56.6211 1440
56.6223 1440
56.6235 1440
56.6247 1440
56.6259 1440
56.6271 1440
56.6283 1440
56.6318 1440
56.633 1440
56.6342 1440
56.6354 1440
56.8626 1440
56.8638 1440
56.865 1440
56.8662 1440
56.8674 1440
56.8685 1440
56.8697 1440
56.8709 1440
56.8721 1440
56.8745 1440
56.8757 1440
56.8769 1440
56.8781 1440
57.1053 1440
57.1064 1440
57.1076 1440
57.1088 1440
57.11 1440
57.1112 1440
57.1124 1440
57.1136 1440
57.116 1440
57.1172 1440
57.1184 1440
57.1196 1440
57.3196 1440
57.3479 1440
57.3491 1440
57.3503 1440
57.3515 1440
57.3527 1440
57.3539 1440
57.3551 1440
57.3563 1440
57.3575 1440
57.3587 1440
57.3599 1440
57.3611 1440
57.3623 1440
57.5894 1440
57.5906 1440
57.5918 1440
57.593 1440
57.5942 1440
57.5954 1440
57.5966 1440
57.5978 1440
57.599 1440
57.6002 1440
57.6014 1440
57.6026 1440
57.6038 1440
57.605 1440
57.8321 1440
57.8333 1440
57.8345 1440
57.8357 1440
57.8369 1440
57.8381 1440
57.8393 1440
57.8405 1440
57.8417 1440
57.8429 1440
57.8441 1440
57.8452 1440
57.8464 1440
57.8476 1440
57.8488 1440
58.076 1440
58.0796 1440
58.0808 1440
58.082 1440
58.0832 1440
58.0843 1440
58.0855 1440
58.0867 1440
58.0879 1440
58.0891 1440
58.0903 1440
58.0915 1440
58.0927 1440
58.2903 1440
58.3175 1440
58.3211 1440
58.3223 1440
58.333 1440
58.3342 1440
58.5318 1440
58.559 1440
58.5626 1440
58.5637 1440
58.5757 1440
58.5769 1440
58.8005 1440
58.8016 1440
58.8052 1440
58.8064 1440
58.8184 1440
58.8196 1440
58.8208 1440
59.0431 1440
59.0443 1440
59.0479 1440
59.0491 1440
59.0611 1440
59.0622 1440
59.2622 1440
59.2858 1440
59.287 1440
59.2906 1440
59.2918 1440
59.3037 1440
59.3049 1440
59.3061 1440
59.5273 1440
59.5285 1440
59.5321 1440
59.5333 1440
59.5452 1440
59.5464 1440
59.5476 1440
59.5488 1440
59.77 1440
59.7712 1440
59.7748 1440
59.776 1440
59.7879 1440
59.7891 1440
59.7903 1440
59.7915 1440
60.0127 1440
60.0139 1440
60.0151 1440
60.0174 1440
60.0186 1440
60.0306 1440
60.0318 1440
60.033 1440
60.0342 1440
60.2565 1440
60.2589 1440
60.2601 1440
60.2721 1440
60.2733 1440
60.2745 1440
60.4757 1440
60.498 1440
60.5004 1440
60.5016 1440
60.7419 1440
60.7431 1440
60.7455 1440
60.9834 1440
60.9858 1440
61.187 1440
61.1882 1440
61.2273 1440
61.2285 1440
61.4297 1440
61.4309 1440
61.47 1440
61.4712 1440
61.6724 1440
61.6736 1440
61.7127 1440
61.7138 1440
61.715 1440
61.915 1440
61.9162 1440
61.9553 1440
61.9565 1440
62.1565 1440
62.1577 1440
62.1589 1440
62.198 1440
62.1992 1440
62.2004 1440
62.3992 1440
62.4004 1440
62.4395 1440
62.4407 1440
62.4419 1440
62.4431 1440
62.6419 1440
62.6431 1440
62.6822 1440
62.6834 1440
62.6846 1440
62.6858 1440
62.8846 1440
62.8858 1440
62.887 1440
62.9273 1440
62.9284 1440
62.9296 1440
62.9308 1440
63.1273 1440
63.1284 1440
63.1687 1440
63.1699 1440
63.1711 1440
63.1723 1440
63.3687 1440
63.3699 1440
63.4102 1440
63.4114 1440
63.4126 1440
63.4138 1440
63.415 1440
63.6102 1440
63.6114 1440
63.6517 1440
63.6529 1440
63.6541 1440
63.6553 1440
63.6565 1440
63.6577 1440
63.8529 1440
63.8541 1440
63.8944 1440
63.8956 1440
63.8968 1440
63.898 1440
63.8992 1440
63.9004 1440
63.9016 1440
64.0956 1440
64.0968 1440
64.1371 1440
64.1383 1440
64.1395 1440
64.1407 1440
64.1419 1440
64.143 1440
64.3371 1440
64.3383 1440
64.3786 1440
64.3798 1440
64.3809 1440
64.3821 1440
64.3833 1440
64.3845 1440
64.5786 1440
64.5798 1440
64.62 1440
64.6212 1440
64.6224 1440
64.6236 1440
64.6248 1440
64.626 1440
64.6272 1440
64.82 1440
64.8212 1440
64.8615 1440
64.8627 1440
64.8639 1440
64.8651 1440
64.8663 1440
64.8675 1440
64.8687 1440
64.8699 1440
65.0627 1440
65.0639 1440
65.1042 1440
65.1054 1440
65.1066 1440
65.1078 1440
65.109 1440
65.1102 1440
65.1114 1440
65.1126 1440
65.1138 1440
65.3054 1440
65.3066 1440
65.3469 1440
65.3481 1440
65.3493 1440
65.3505 1440
65.3517 1440
65.3529 1440
65.3541 1440
65.3553 1440
65.5469 1440
65.5481 1440
65.5884 1440
65.5896 1440
65.5908 1440
65.592 1440
65.5932 1440
65.5944 1440
65.5956 1440
65.5967 1440
65.5979 1440
65.7884 1440
65.7896 1440
65.8299 1440
65.8311 1440
65.8323 1440
65.8335 1440
65.8346 1440
65.8358 1440
65.837 1440
65.8382 1440
65.8394 1440
65.8406 1440
66.0311 1440
66.0323 1440
66.0725 1440
66.0737 1440
66.0749 1440
66.0761 1440
66.0773 1440
66.0785 1440
66.0797 1440
66.0809 1440
66.0821 1440
66.0833 1440
66.0845 1440
66.2737 1440
66.2749 1440
66.3152 1440
66.3164 1440
66.3176 1440
66.3188 1440
66.32 1440
66.3212 1440
66.3224 1440
66.3236 1440
66.3248 1440
66.326 1440
66.5152 1440
66.5164 1440
66.5567 1440
66.5579 1440
66.5591 1440
66.5603 1440
66.5615 1440
66.5627 1440
66.5639 1440
66.5651 1440
66.5663 1440
66.5675 1440
66.7567 1440
66.7579 1440
66.7982 1440
66.7994 1440
66.8006 1440
66.8018 1440
66.803 1440
66.8042 1440
66.8054 1440
66.8066 1440
66.8078 1440
66.809 1440
66.8102 1440
66.9982 1440
66.9994 1440
67.0397 1440
67.0409 1440
67.0421 1440
67.0433 1440
67.0445 1440
67.0457 1440
67.0469 1440
67.0481 1440
67.0492 1440
67.0504 1440
67.0516 1440
67.0528 1440
67.2409 1440
67.2421 1440
67.2824 1440
67.2836 1440
67.2848 1440
67.286 1440
67.2871 1440
67.2883 1440
67.2895 1440
67.2907 1440
67.2919 1440
67.2931 1440
67.2943 1440
67.2955 1440
67.2967 1440
67.4836 1440
67.4848 1440
67.525 1440
67.5262 1440
67.5274 1440
67.5286 1440
67.5298 1440
67.531 1440
67.5322 1440
67.5334 1440
67.5346 1440
67.5358 1440
67.537 1440
67.5382 1440
67.725 1440
67.7262 1440
67.7665 1440
67.7677 1440
67.7689 1440
67.7701 1440
67.7713 1440
67.7725 1440
67.7737 1440
67.7749 1440
67.7761 1440
67.7773 1440
67.7785 1440
67.7797 1440
67.7809 1440
67.9665 1440
67.9677 1440
68.008 1440
68.0092 1440
68.0104 1440
68.0116 1440
68.0128 1440
68.014 1440
68.0152 1440
68.0164 1440
68.0176 1440
68.0188 1440
68.02 1440
68.0212 1440
68.0224 1440
68.0236 1440
68.2092 1440
68.2104 1440
68.2507 1440
68.2519 1440
68.2531 1440
68.2543 1440
68.2555 1440
68.2567 1440
68.2579 1440
68.2591 1440
68.2603 1440
68.2615 1440
68.2627 1440
68.2639 1440
68.265 1440
68.2662 1440
68.2674 1440
68.4519 1440
68.4531 1440
68.4934 1440
68.4946 1440
68.4958 1440
68.497 1440
68.4982 1440
68.4994 1440
68.5006 1440
68.5018 1440
68.5029 1440
68.5041 1440
68.5053 1440
68.5065 1440
68.5077 1440
68.6934 1440
68.6946 1440
68.7349 1440
68.7361 1440
68.7373 1440
68.7385 1440
68.7397 1440
68.7408 1440
68.742 1440
68.7432 1440
68.7444 1440
68.7456 1440
68.7468 1440
68.748 1440
68.7492 1440
68.7504 1440
68.7516 1440
68.9349 1440
68.9361 1440
68.9764 1440
68.9883 1440
68.9895 1440
68.9907 1440
68.9919 1440
68.9931 1440
69.1764 1440
69.1776 1440
69.2178 1440
69.231 1440
69.2322 1440
69.2334 1440
69.2346 1440
69.4179 1440
69.4191 1440
69.4593 1440
69.4605 1440
69.4737 1440
69.4749 1440
69.4761 1440
69.4773 1440
69.6605 1440
69.6617 1440
69.702 1440
69.7032 1440
69.7164 1440
69.7176 1440
69.7188 1440
69.7199 1440
69.7211 1440
69.9032 1440
69.9044 1440
69.9447 1440
69.9459 1440
69.959 1440
69.9602 1440
69.9614 1440
69.9626 1440
70.1447 1440
70.1459 1440
70.1862 1440
70.1874 1440
70.2005 1440
70.2017 1440
70.2029 1440
70.2041 1440
70.2053 1440
70.3862 1440
70.3874 1440
70.4277 1440
70.4289 1440
70.442 1440
70.4432 1440
70.4444 1440
70.4456 1440
70.4468 1440
70.448 1440
70.6289 1440
70.6301 1440
70.6704 1440
70.6715 1440
70.6847 1440
70.6859 1440
70.6871 1440
70.6883 1440
70.6895 1440
70.6907 1440
70.8716 1440
70.8728 1440
70.8739 1440
70.913 1440
70.9142 1440
70.9274 1440
70.9286 1440
70.9298 1440
70.931 1440
70.9322 1440
70.9334 1440
71.1545 1440
71.1557 1440
71.1569 1440
71.1581 1440
71.1689 1440
71.1701 1440
71.1713 1440
71.1724 1440
71.1736 1440
71.1748 1440
71.3748 1440
71.3972 1440
71.3984 1440
71.3996 1440
71.4008 1440
71.402 1440
71.4115 1440
71.4127 1440
71.4139 1440
71.4151 1440
71.4163 1440
71.4175 1440
71.6387 1440
71.6399 1440
71.6411 1440
71.6423 1440
71.6435 1440
71.6447 1440
71.6542 1440
71.6554 1440
71.6566 1440
71.6578 1440
71.659 1440
71.6602 1440
71.8814 1440
71.8826 1440
71.8838 1440
71.885 1440
71.8861 1440
71.8873 1440
71.8969 1440
71.8981 1440
71.8993 1440
71.9005 1440
71.9017 1440
71.9029 1440
71.9041 1440
72.124 1440
72.1252 1440
72.1264 1440
72.1276 1440
72.1288 1440
72.13 1440
72.1396 1440
72.1408 1440
72.142 1440
72.1432 1440
72.1444 1440
72.1456 1440
72.3456 1440
72.3667 1440
72.3679 1440
72.3691 1440
72.3703 1440
72.3715 1440
72.3727 1440
72.3823 1440
72.3835 1440
72.3847 1440
72.3859 1440
72.387 1440
72.3882 1440
72.3894 1440
72.6082 1440
72.6094 1440
72.6106 1440
72.6118 1440
72.613 1440
72.6142 1440
72.6238 1440
72.6249 1440
72.6261 1440
72.6273 1440
72.6285 1440
72.6297 1440
72.6309 1440
72.6321 1440
72.8509 1440
72.8521 1440
72.8533 1440
72.8545 1440
72.8557 1440
72.8569 1440
72.8664 1440
72.8676 1440
72.8688 1440
72.87 1440
72.8712 1440
72.8724 1440
72.8736 1440
72.8748 1440
72.876 1440
73.0936 1440
73.0948 1440
73.096 1440
73.0972 1440
73.0984 1440
73.0996 1440
73.1091 1440
73.1103 1440
73.1115 1440
73.1127 1440
73.1139 1440
73.1151 1440
73.1163 1440
73.1175 1440
73.3175 1440
73.3363 1440
73.3375 1440
73.3387 1440
73.3398 1440
73.341 1440
73.3422 1440
73.3518 1440
73.353 1440
73.3542 1440
73.3554 1440
73.3566 1440
73.3578 1440
73.359 1440
73.3602 1440
73.3614 1440
73.5777 1440
73.5789 1440
73.5801 1440
73.5813 1440
73.5825 1440
73.5837 1440
73.5933 1440
73.5945 1440
73.5957 1440
73.5969 1440
73.5981 1440
73.5993 1440
73.6005 1440
73.6017 1440
73.6028 1440
73.604 1440
73.8204 1440
73.8216 1440
73.8228 1440
73.8252 1440
73.8264 1440
73.836 1440
73.8372 1440
73.8384 1440
73.8396 1440
73.8407 1440
73.8419 1440
73.8431 1440
73.8443 1440
73.8455 1440
73.8467 1440
73.8479 1440
74.0631 1440
74.0643 1440
74.0667 1440
74.0679 1440
74.0691 1440
74.0775 1440
74.0894 1440
74.3046 1440
74.3058 1440
74.3082 1440
74.3094 1440
74.3106 1440
74.3189 1440
74.5309 1440
74.5473 1440
74.5485 1440
74.5509 1440
74.5521 1440
74.5604 1440
74.5616 1440
74.5628 1440
74.7888 1440
74.79 1440
74.7924 1440
74.7936 1440
74.8019 1440
74.8031 1440
74.8043 1440
74.8055 1440
75.0315 1440
75.0326 1440
75.035 1440
75.0362 1440
75.0446 1440
75.0458 1440
75.047 1440
75.0482 1440
75.2741 1440
75.2753 1440
75.2765 1440
75.2777 1440
75.2789 1440
75.2873 1440
75.2885 1440
75.2897 1440
75.2909 1440
75.5168 1440
75.518 1440
75.5192 1440
75.5204 1440
75.5288 1440
75.53 1440
75.5312 1440
75.5324 1440
75.7324 1440
75.7595 1440
75.7607 1440
75.7619 1440
75.7631 1440
75.7643 1440
75.7714 1440
75.7726 1440
75.7738 1440
75.775 1440
76.001 1440
76.0022 1440
76.0034 1440
76.0046 1440
76.0058 1440
76.007 1440
76.0141 1440
76.0153 1440
76.0165 1440
76.0177 1440
76.2437 1440
76.2449 1440
76.2461 1440
76.2472 1440
76.2484 1440
76.2496 1440
76.2508 1440
76.2568 1440
76.258 1440
76.2592 1440
76.2604 1440
76.4863 1440
76.4875 1440
76.4887 1440
76.4899 1440
76.4911 1440
76.4923 1440
76.4983 1440
76.4995 1440
76.5007 1440
76.5019 1440
76.7019 1440
76.729 1440
76.7302 1440
76.7314 1440
76.7326 1440
76.7338 1440
76.735 1440
76.7362 1440
76.741 1440
76.7422 1440
76.7434 1440
76.7446 1440
76.9705 1440
76.9717 1440
76.9729 1440
76.9741 1440
76.9753 1440
76.9765 1440
76.9777 1440
76.9789 1440
76.9837 1440
76.9849 1440
76.986 1440
76.9872 1440
77.2132 1440
77.2144 1440
77.2156 1440
77.2168 1440
77.218 1440
77.2192 1440
77.2204 1440
77.2216 1440
77.2263 1440
77.2275 1440
77.2287 1440
77.2299 1440
77.2311 1440
77.4559 1440
77.4571 1440
77.4583 1440
77.4595 1440
77.4607 1440
77.4618 1440
77.463 1440
77.4642 1440
77.469 1440
77.4702 1440
77.4714 1440
77.4726 1440
77.6726 1440
77.7009 1440
77.7021 1440
77.7033 1440
77.7057 1440
77.7069 1440
77.7081 1440
77.7093 1440
77.7117 1440
77.7129 1440
77.7141 1440
77.7153 1440
77.7165 1440
77.9424 1440
77.9436 1440
77.9448 1440
77.946 1440
77.9472 1440
77.9484 1440
77.9496 1440
78.1851 1440
78.1863 1440
78.1875 1440
78.1887 1440
78.1899 1440
78.1911 1440
78.4278 1440
78.429 1440
78.4302 1440
78.4314 1440
78.4326 1440
78.4338 1440
78.6705 1440
78.6717 1440
78.6729 1440
78.6741 1440
78.6753 1440
78.6765 1440
78.9132 1440
78.9144 1440
78.9156 1440
78.9168 1440
78.9179 1440
78.9191 1440
78.9203 1440
79.1558 1440
79.157 1440
79.1582 1440
79.1594 1440
79.1606 1440
79.1618 1440
79.3618 1440
79.3985 1440
79.3997 1440
79.4009 1440
79.4021 1440
79.4033 1440
79.4045 1440
79.4057 1440
79.64 1440
79.6412 1440
79.6424 1440
79.6436 1440
79.6448 1440
79.646 1440
79.6472 1440
79.6484 1440
79.8827 1440
79.8839 1440
79.8851 1440
79.8863 1440
79.8875 1440
79.8887 1440
79.8899 1440
79.8911 1440
79.8923 1440
80.1254 1440
80.1266 1440
80.1278 1440
80.129 1440
80.1302 1440
80.1314 1440
80.1325 1440
80.1337 1440
80.3337 1440
80.3681 1440
80.3693 1440
80.3704 1440
80.3716 1440
80.3728 1440
80.374 1440
80.3752 1440
80.3764 1440
80.3776 1440
80.6095 1440
80.6107 1440
80.6119 1440
80.6131 1440
80.6143 1440
80.6155 1440
80.6167 1440
80.6179 1440
80.6191 1440
80.6203 1440
80.8522 1440
80.8534 1440
80.8546 1440
80.8558 1440
80.857 1440
80.8582 1440
80.8594 1440
80.8606 1440
80.8618 1440
80.863 1440
80.8642 1440
81.0949 1440
81.0961 1440
81.0973 1440
81.0985 1440
81.0997 1440
81.1009 1440
81.1021 1440
81.1033 1440
81.1045 1440
81.1057 1440
81.3057 1440
81.3376 1440
81.3388 1440
81.34 1440
81.3412 1440
81.3424 1440
81.3436 1440
81.3448 1440
81.346 1440
81.3471 1440
81.3483 1440
81.3495 1440
81.5791 1440
81.5803 1440
81.5815 1440
81.5827 1440
81.5839 1440
81.585 1440
81.5862 1440
81.5874 1440
81.5886 1440
81.5898 1440
81.591 1440
81.5922 1440
81.8241 1440
81.8253 1440
81.8265 1440
81.8277 1440
81.8289 1440
81.8301 1440
81.8313 1440
81.8325 1440
81.8337 1440
81.8349 1440
81.8361 1440
81.8373 1440
82.0668 1440
82.068 1440
82.0692 1440
82.0704 1440
82.0716 1440
82.0728 1440
82.074 1440
82.0752 1440
82.0764 1440
82.0776 1440
82.0788 1440
82.08 1440
82.0812 1440
82.3095 1440
82.3107 1440
82.3119 1440
82.3131 1440
82.3143 1440
82.3155 1440
82.3167 1440
82.3179 1440
82.3191 1440
82.3203 1440
82.3215 1440
82.3227 1440
82.5227 1440
82.5522 1440
82.5534 1440
82.5546 1440
82.5558 1440
82.557 1440
82.5582 1440
82.5594 1440
82.5606 1440
82.5617 1440
82.5629 1440
82.5641 1440
82.5653 1440
82.5665 1440
82.7937 1440
82.7949 1440
82.7961 1440
82.7973 1440
82.7985 1440
82.7997 1440
82.8008 1440
82.802 1440
82.8032 1440
82.8044 1440
82.8056 1440
82.8068 1440
82.808 1440
82.8092 1440
83.0364 1440
83.0376 1440
83.0387 1440
83.0399 1440
83.0411 1440
83.0423 1440
83.0435 1440
83.0447 1440
83.0459 1440
83.0471 1440
83.0483 1440
83.0495 1440
83.0507 1440
83.0519 1440
83.0531 1440
83.279 1440
83.2802 1440
83.2814 1440
83.2826 1440
83.2838 1440
83.285 1440
83.2862 1440
83.2874 1440
83.2886 1440
83.2898 1440
83.291 1440
83.2922 1440
83.2934 1440
83.2946 1440
83.4946 1440
83.5217 1440
83.5229 1440
83.5241 1440
83.5253 1440
83.5265 1440
83.5277 1440
83.5289 1440
83.5301 1440
83.5313 1440
83.5325 1440
83.5337 1440
83.5349 1440
83.5361 1440
83.5373 1440
83.5385 1440
83.7632 1440
83.7644 1440
83.7656 1440
83.7668 1440
83.768 1440
83.7692 1440
83.7704 1440
83.7716 1440
83.7728 1440
83.774 1440
83.7752 1440
83.7764 1440
83.7775 1440
83.7787 1440
83.7799 1440
83.7811 1440
84.0059 1440
84.0071 1440
84.0083 1440
84.0095 1440
84.0107 1440
84.0119 1440
84.0131 1440
84.0143 1440
84.0154 1440
84.0166 1440
84.0178 1440
84.019 1440
84.0202 1440
84.0214 1440
84.0226 1440
84.0238 1440
84.025 1440
84.2486 1440
84.2498 1440
84.251 1440
84.2522 1440
84.2533 1440
84.2545 1440
84.2557 1440
84.2569 1440
84.2581 1440
84.2593 1440
84.2605 1440
84.2617 1440
84.2629 1440
84.2641 1440
84.2653 1440
84.2665 1440
84.4665 1440
84.4912 1440
84.4924 1440
84.4936 1440
84.4948 1440
84.496 1440
84.4972 1440
84.4984 1440
84.4996 1440
84.5008 1440
84.502 1440
84.5032 1440
84.5044 1440
84.5056 1440
84.5068 1440
84.508 1440
84.5092 1440
84.5104 1440
84.7327 1440
84.7339 1440
84.7351 1440
84.7363 1440
84.7375 1440
84.7387 1440
84.7399 1440
84.7411 1440
84.7423 1440
84.7435 1440
84.7447 1440
84.7459 1440
84.7471 1440
84.7483 1440
84.7495 1440
84.7507 1440
84.7519 1440
84.7531 1440
84.9754 1440
84.9766 1440
84.9778 1440
84.979 1440
84.9802 1440
84.9814 1440
84.9826 1440
84.9838 1440
84.985 1440
84.9862 1440
84.9874 1440
84.9886 1440
84.9898 1440
84.991 1440
84.9921 1440
84.9933 1440
84.9945 1440
84.9957 1440
84.9969 1440
85.2181 1440
85.2193 1440
85.2205 1440
85.2217 1440
85.2229 1440
85.2241 1440
85.2253 1440
85.2265 1440
85.2277 1440
85.2289 1440
85.23 1440
85.2312 1440
85.2324 1440
85.2336 1440
85.2348 1440
85.236 1440
85.2372 1440
85.2384 1440
85.4384 1440
85.4608 1440
85.462 1440
85.4632 1440
85.4644 1440
85.4656 1440
85.4668 1440
85.4679 1440
85.4691 1440
85.4703 1440
85.4715 1440
85.4727 1440
85.4739 1440
85.4751 1440
85.4763 1440
85.4775 1440
85.4787 1440
85.4799 1440
85.4811 1440
85.7023 1440
85.7035 1440
85.7047 1440
85.7058 1440
85.707 1440
85.7082 1440
85.7094 1440
85.7106 1440
85.7118 1440
85.713 1440
85.7142 1440
85.7154 1440
85.7166 1440
85.7178 1440
85.719 1440
85.7202 1440
85.7214 1440
85.7226 1440
85.9226 1440
85.9438 1440
85.945 1440
85.9461 1440
85.9593 1440
85.9605 1440
85.9617 1440
85.9629 1440
85.9641 1440
86.1641 1440
86.1853 1440
86.1864 1440
86.1876 1440
86.202 1440
86.2032 1440
86.2044 1440
86.2056 1440
86.4056 1440
86.4267 1440
86.4279 1440
86.4291 1440
86.4303 1440
86.4447 1440
86.4459 1440
86.447 1440
86.4482 1440
86.6682 1440
86.6694 1440
86.6706 1440
86.6718 1440
86.6861 1440
86.6873 1440
86.6897 1440
86.6909 1440
86.8897 1440
86.9109 1440
86.9121 1440
86.9133 1440
86.9145 1440
86.9288 1440
86.93 1440
86.9312 1440
86.9324 1440
87.1312 1440
87.1715 1440
87.1727 1440
87.1739 1440
87.3727 1440
87.4142 1440
87.4154 1440
87.6142 1440
87.6154 1440
87.6569 1440
87.6581 1440
87.8569 1440
87.8581 1440
88.0996 1440
88.1008 1440
88.1019 1440
88.1031 1440
88.1043 1440
88.3422 1440
88.3434 1440
88.3446 1440
88.3458 1440
88.5458 1440
88.5849 1440
88.5861 1440
88.5873 1440
88.5885 1440
88.5897 1440
88.8264 1440
88.8276 1440
88.8288 1440
88.83 1440
88.8312 1440
88.8324 1440
89.0691 1440
89.0703 1440
89.0715 1440
89.0727 1440
89.0739 1440
89.0751 1440
89.3118 1440
89.313 1440
89.3142 1440
89.3154 1440
89.3166 1440
89.3177 1440
89.3189 1440
89.5545 1440
89.5556 1440
89.5568 1440
89.558 1440
89.5592 1440
89.5604 1440
89.7604 1440
89.7971 1440
89.7983 1440
89.7995 1440
89.8007 1440
89.8019 1440
89.8031 1440
89.8043 1440
90.0386 1440
90.0398 1440
90.041 1440
90.0422 1440
90.0434 1440
90.0446 1440
90.0458 1440
90.047 1440
