1.0884 0.07065811914277838
1.09079 0.13533164408788614
1.29079 0.14376790702053346
1.53228 0.19202307362907697
1.77496 0.2880358690427639
2.01644 0.40810464246405737
2.25793 0.6045994703171216
2.49941 0.847839006408047
2.75048 1.0161042292887947
2.99316 0.9846117842157428
3.23345 0.8367917182378308
3.47613 0.7406343511384752
3.72001 0.7382070074666781
3.9603 0.7545036827827757
4.20179 0.6197144570750504
4.44447 0.49879456301162567
4.68715 0.37725184139138784
4.92984 0.3917016774312979
5.17132 0.3923473040629635
5.41281 0.408104642464057
5.65549 0.423219629221985
5.89817 0.4527084277649578
6.14205 0.4813023656973878
6.38234 0.4677922833253208
6.62503 0.3923419150470434
6.86772 0.28670746143861764
7.1104 0.21091050345555762
7.35308 0.21091339561192993
7.59456 0.21126393295698045
7.83725 0.2414411784904883
8.07993 0.2565312521461442
8.32261 0.2988582499115915
8.56409 0.301805618509972
8.80678 0.33198162042442136
9.04946 0.3470716940800769
9.29214 0.359211306077408
9.56675 0.317536448822208
9.80943 0.2453690740898879
10.0106 0.1831919760720342
10.2533 0.15316651969942027
10.496 0.17571479785826433
10.7387 0.21089893562320017
10.9802 0.21124652348578501
11.2216 0.21162437224821118
11.4631 0.21197435742833523
11.7058 0.24185642542652708
11.9485 0.286691710444994
12.19 0.3017807478368358
12.4315 0.3022789413949646
12.673 0.30277878255477464
12.918 0.33145806191717003
13.1607 0.376038065614732
13.4022 0.39107958823932026
13.6449 0.42249304697157025
13.8876 0.43758208436341084
14.1302 0.4821208173340641
14.3717 0.48291552197802196
14.6132 0.48371285085305427
14.8547 0.48444605208763936
15.0974 0.5138742003714397
15.3401 0.5582943834981463
15.5815 0.5734621823489011
15.823 0.5895250369771596
16.0657 0.6046410635663187
16.3084 0.6488286078491968
16.5499 0.6639176452410371
16.7914 0.665013671068922
17.0328 0.6662051233461964
17.2755 0.6953372231012649
17.5182 0.7394643930288446
17.7597 0.7394643930288478
18.0048 0.6617363963039021
18.2475 0.5263812243326494
18.4901 0.42047182545106615
18.7328 0.3766568885422371
18.9755 0.3917231640839282
19.217 0.37722593479604555
19.4645 0.38974557408923427
19.7071 0.3148374599140279
19.9498 0.257794167970278
20.1925 0.1958615820419641
20.4352 0.2108989356232008
20.6767 0.21124652348578454
20.9193 0.24145776098901048
21.162 0.25654887105082497
21.4047 0.28643796441142
21.6462 0.301822201236263
21.8889 0.33195882262051857
22.1316 0.34704786001236193
22.3742 0.3591711823264037
22.6169 0.3917231640839266
22.8584 0.3923688616071441
23.1011 0.422493046971571
23.3438 0.43758208436341084
23.5865 0.46185299527062373
23.8279 0.4678244119162103
24.0766 0.43406473518392463
24.3193 0.3292904887602187
24.562 0.24382190355744068
24.8059 0.2098630014326645
25.0473 0.1958615820419641
25.2924 0.21023591272553308
25.7315 0.13022587217133608
25.9742 0.11358900046526077
27.2157 0.039093278199979695
27.6584 0.049633287214817925
28.6291 0.10544946781159986
28.8706 0.10562326174289227
29.3121 0.08307691139137927
29.7536 0.06212580934743272
29.9962 0.07445834039308702
30.2389 0.09602034777858671
30.7231 0.13557788718634337
30.9658 0.13580133652657578
31.2085 0.12051367749897127
31.4523 0.10529065837212492
31.695 0.10529065837212492
31.9365 0.10546392879182684
32.178 0.1056377704326926
32.4207 0.10579762948823816
32.6634 0.10562326174289227
32.9061 0.10544946781159986
33.1487 0.12053020433351638
33.3902 0.12072888049450524
33.6329 0.15091110061813154
33.8756 0.1659794113102601
34.1183 0.18557986697635204
34.361 0.21089893562320172
34.6024 0.21127554086538416
34.8451 0.24145776098901048
35.0878 0.25654887105082363
35.3305 0.2864006289103223
35.572 0.3017807478368336
35.8147 0.331958822620517
36.0573 0.34709553142170585
36.3 0.37353802961945987
36.5415 0.37727775154532867
36.783 0.3778486767437057
37.0245 0.2876398434270347
37.266 0.2026997809040588
37.5086 0.14457597216739007
37.7513 0.158782826665353
37.994 0.1873570321723722
38.2367 0.21092785758365365
38.4403 0.191011210518691
38.683 0.20692881139524857
38.9244 0.20731929978952057
39.1659 0.2418564254265281
39.405 0.21267781215431455
39.6477 0.2418564254265281
39.8892 0.2569371001857199
40.1307 0.3173928884647128
40.3367 0.3168697852286783
40.6208 0.3298297199099326
40.8635 0.2569901315789471
41.1062 0.2138249927014409
41.3477 0.1425499951342926
41.5489 0.15039463552361268
41.7916 0.17601166527089862
42.0342 0.196184430803571
42.2757 0.21127554086538416
42.5172 0.22674039883736796
42.7599 0.24185642542652583
43.0026 0.2716026730531529
43.2453 0.3012841937474282
43.4867 0.301822201236263
43.7685 0.30075986263198806
44.0112 0.315081760852562
44.2539 0.3574882248145241
44.4954 0.39231497218788736
44.7381 0.4074040095797255
44.9795 0.4081327179072621
45.1879 0.4232487444964242
45.4306 0.47511870224881114
45.6721 0.46853235916219504
45.9136 0.4987602533016915
46.1562 0.5139449040313723
46.3989 0.558371072287092
46.6404 0.5734621823488996
46.8819 0.5743299886504326
47.1234 0.5752796868540752
47.3661 0.6045578827899291
47.6087 0.6489177326579655
47.8502 0.6640088427197787
48.0917 0.6802211965121038
48.3344 0.6952415652084184
48.5771 0.739362832200242
48.8186 0.739362832200242
49.0601 0.7556973534874113
49.3016 0.6206965042372854
49.5442 0.5139449040313723
49.7869 0.37727775154532867
50.0296 0.3917231640839282
50.2711 0.39231497218788736
50.5126 0.40807657088320215
50.7552 0.4232487444964199
50.9979 0.46782441191620744
51.2394 0.48291552197802057
51.4809 0.4837128508530562
51.7224 0.4844460520876374
51.9651 0.5138742003714397
52.2078 0.5582943834981474
52.4492 0.558371072287092
52.7442 0.5350255911188024
52.9868 0.43652418850935604
53.1737 0.3784734781934705
53.4164 0.27205104725546814
53.6591 0.2866917104449919
53.9006 0.3017807478368365
54.142 0.31743655837231505
54.3847 0.3325525849614729
54.6274 0.36218664148351554
54.8701 0.3916694518716568
55.1116 0.3923149721878838
55.3531 0.40807657088320215
55.5957 0.4232487444964199
55.8942 0.4345192292357746
56.1357 0.44853597856596084
56.3784 0.4765086825487929
56.6211 0.5281163087144637
56.8638 0.5331769945238722
57.1064 0.572518470584203
57.3479 0.5734621823488996
57.5906 0.6036444024725259
57.8333 0.6187355125343391
58.0796 0.6360505756578961
58.3175 0.6488286078491922
58.559 0.5289881474411879
58.8016 0.3936666637954797
59.0443 0.29141453912466925
59.2858 0.2914145391246665
59.5285 0.3320044213598893
59.7712 0.34704786001236193
60.0139 0.3653827366303046
60.2589 0.39043812363313285
60.498 0.36218664148351915
60.7431 0.300830452491787
60.9858 0.21089893562320172
61.1882 0.15419407894736872
61.4309 0.15945323838896952
61.6736 0.1750936096421334
61.9162 0.21092785758365165
62.1577 0.21127554086538416
62.4004 0.24145776098901275
62.6431 0.2565136356613111
62.8858 0.2862199840600568
63.1284 0.30132551083379094
63.3699 0.301822201236263
63.6114 0.31743655837231505
63.8541 0.3325525849614729
64.0968 0.3772259347960421
64.3383 0.3923149721878838
64.5798 0.3929626238134505
64.8212 0.3936666637954797
65.0639 0.4232487444964242
65.3066 0.46782441191620344
65.5481 0.48284919653892905
65.7896 0.49876025330170193
66.0323 0.5138742003714397
66.2749 0.5583710722870814
66.5164 0.5734621823488943
66.7579 0.5744090103879933
66.9994 0.5752796868540804
67.2421 0.6045578827899291
67.4848 0.648828607849186
67.7262 0.6640088427197721
67.9677 0.6802211965121103
68.2104 0.6953372231012547
68.4531 0.7393628322002351
68.6946 0.7393628322002498
68.9361 0.7556973534874113
69.1776 0.6206965042372854
69.4191 0.4995849912153761
69.6617 0.36278463813979217
69.9044 0.37727775154533244
70.1459 0.39236886160714574
70.3874 0.40807657088320215
70.6301 0.4231905179529504
70.8728 0.4526711217552546
71.1557 0.45687134502924376
71.3972 0.45758492776259463
71.6399 0.4861839857477568
71.8826 0.5281163087144637
72.1252 0.556343908248924
72.3667 0.5734621823489053
72.6094 0.6036444024725319
72.8521 0.6186505330655149
73.0948 0.6452194841163895
73.3363 0.6639176452410405
73.5789 0.694191062843398
73.8216 0.709282172905211
74.0643 0.720849060156661
74.3058 0.6035614956736614
74.5473 0.4534184120924468
74.79 0.33250683553446103
75.0326 0.3470955314216993
75.2753 0.36896588275792663
75.518 0.39172316408392427
75.7595 0.39236886160713835
76.0022 0.422493046971571
76.2449 0.4375820843634128
76.4875 0.4655840286054836
76.729 0.4829155219780255
76.9717 0.5130977421016522
77.2144 0.5281163087144637
77.4571 0.5528078240863334
77.7009 0.5715778597343897
77.9436 0.5866193823589789
78.1863 0.4963702466114435
78.429 0.39216136881940794
78.6717 0.301284193747431
78.9144 0.28621998406005944
79.157 0.3013255108337939
79.3985 0.30182220123626596
79.6412 0.33200442135989255
79.8839 0.34704786001236193
80.1266 0.37348918834989825
80.3681 0.39231497218788736
80.6107 0.4225510817307723
80.8534 0.4376421917925856
81.0961 0.4611260493179349
81.3376 0.4828491965389382
81.5803 0.5130272713226218
81.8253 0.526453291860622
82.068 0.5332469377213722
82.3107 0.5706403345407326
82.5522 0.5733834208899893
82.7949 0.603561495673673
83.0376 0.6186505330655149
83.2802 0.6381497524752531
83.5217 0.6640088427197851
83.7644 0.6941910628434117
84.0071 0.7091847574165661
84.2498 0.7273787159030835
84.4912 0.7545555030906499
84.7339 0.7847377232142758
84.9766 0.7998288332760888
85.2193 0.817261390807642
85.4608 0.8449860939431258
85.7035 0.8600751313349674
85.9438 0.8477805911533824
86.1853 0.6913340766836285
86.4267 0.5459798626449457
86.6694 0.3972025433516374
86.9109 0.3824913380423175
87.1715 0.38729711368978303
87.4142 0.3239935908176964
87.6154 0.25736196517156223
87.8581 0.18136736483698238
88.1008 0.15089037391841534
88.3434 0.18079530650027284
88.5861 0.19586158204196225
88.8276 0.24145776098900817
89.0703 0.2565136356613111
89.313 0.2720805974648062
89.5556 0.3013255108337939
89.7971 0.30182220123626596
90.0398 0.33200442135989255
